2.570939 0.791879
2.812449 0.463438
2.708789 0.464043
2.397652 0.894356
2.868090 0.491761
2.974137 0.172398
0.207378 0.708666
3.005954 0.834012
2.946370 0.532050
1.853050 0.979890
2.736012 0.473560
2.502821 0.758191
1.860913 0.971335
2.692977 0.820050
2.513333 0.709886
0.404245 0.564955
0.859139 0.764643
1.000900 0.865451
2.312453 0.836361
2.760759 0.548451
0.880916 0.797944
1.784985 0.984961
0.814727 0.886413
2.671845 0.995084
0.517116 0.708202
0.599366 0.760552
0.077334 0.355365
0.050306 0.388044
1.229373 0.948151
2.752796 0.959160
2.656650 0.783548
0.410517 0.568373
2.585200 0.815560
2.629817 0.808146
0.884605 0.852738
3.017422 0.557505
2.668256 0.543821
0.911431 0.799778
0.070529 0.453629
0.129639 0.550918
2.984528 0.613334
3.077339 0.132609
3.109360 0.939996
2.168384 0.839014
2.693232 0.603232
2.034492 0.907482
0.318080 0.933332
0.242460 0.358392
2.551248 0.585525
0.429530 0.722993
1.131577 0.909165
0.519488 0.843816
2.451744 0.729161
0.320720 0.881304
2.842346 0.885019
3.051956 0.692694
0.059940 0.125133
3.044081 0.371098
0.198623 0.401113
3.059938 0.357559
2.928911 0.330362
2.207956 0.903738
0.073416 0.467865
1.985717 0.932511
0.757044 0.879676
2.850799 0.539419
2.791083 0.516940
2.233512 0.815239
0.137117 0.275873
0.396480 0.685532
0.603449 0.681003
0.835427 0.898926
3.039866 0.976548
2.831802 0.374948
0.429974 0.804266
3.066741 0.445962
0.201671 0.229004
3.050581 0.955139
2.615098 0.798681
0.297338 0.765810
0.088541 0.484294
0.238956 0.439611
2.436809 0.760674
0.182498 0.294299
2.479480 0.849628
2.747502 0.551095
3.124406 0.902391
0.331632 0.413139
2.764815 0.894453
0.746515 0.901412
2.695994 0.641629
2.529864 0.617481
0.665048 0.840607
2.994727 0.756862
2.927670 0.833266
3.057079 0.777511
2.467842 0.781515
2.880421 0.544819
3.100183 0.714226
2.950188 0.421346
3.042192 0.562007
2.294874 0.773568
0.564699 0.941836
0.072051 0.317894
2.640722 0.601426
2.853859 0.808867
0.514277 0.638778
2.871779 0.806188
3.124097 0.904551
2.650719 0.871294
0.673764 0.738287
0.065682 0.338586
0.455676 0.729050
0.905233 0.909778
0.051921 0.990849
2.472343 0.809584
0.595402 0.703246
3.010412 0.565325
0.378052 0.968609
1.858965 0.962507
0.457230 0.961091
0.059999 0.681000
0.737781 0.998917
2.866850 0.542090
3.126150 0.906844
0.130975 0.265754
3.101970 0.461850
2.761505 0.392735
0.310634 0.521590
3.111813 0.735960
3.139093 0.171846
0.711740 0.925382
0.691843 0.758073
0.687211 0.687959
3.103334 0.656097
0.091555 0.564375
3.095376 0.796509
3.129507 0.470458
0.542083 0.844215
0.678893 0.942940
0.057049 0.995556
3.130418 0.456002
0.434501 0.475610
2.822022 0.681206
1.216376 0.953553
0.667300 0.864447
2.206232 0.950079
2.805609 0.980227
2.930631 0.910865
3.065537 0.694619
0.158876 0.972225
0.474039 0.529728
0.017767 0.813255
0.021007 0.127611
0.255902 0.434566
0.159623 0.293321
0.765420 0.702881
0.149501 0.658891
0.320967 0.336389
3.009015 0.549259
2.619016 0.964156
0.108750 0.408023
0.162285 0.333321
0.114697 0.831399
0.936715 0.919250
0.803858 0.793702
0.178814 0.684098
2.551570 0.950421
0.628008 0.865321
0.153797 0.846495
0.407565 0.806510
2.896261 0.856435
0.122264 0.893284
0.453584 0.457646
3.043886 0.761249
2.880253 0.489643
2.937214 0.755440
2.442223 0.748059
2.228243 0.960456
2.461114 0.945004
2.633723 0.727371
2.061388 0.992183
2.547500 0.723117
0.310650 0.745758
2.838644 0.519240
2.587959 0.999654
0.314772 0.406980
2.581290 0.938197
0.526604 0.790402
0.294214 0.684805
0.528576 0.596485
2.446570 0.978821
1.004741 0.877293
2.276606 0.798159
0.103921 0.534639
0.170683 0.936309
0.170213 0.270355
0.287463 0.877596
0.407137 0.418928
3.083434 0.624672
2.874636 0.541996
0.103885 0.452060
2.258313 0.800022
0.547285 0.911535
0.304691 0.383273
0.025955 0.330618
0.984760 0.911289
2.876567 0.579051
0.166002 0.517859
2.193581 0.838036
1.105086 0.952818
0.902416 0.870829
0.592610 0.559895
0.753857 0.711639
0.022079 0.520143
3.136087 0.029743
0.204780 0.810671
2.640400 0.722126
2.733634 0.964993
0.020613 0.117335
2.250046 0.980022
0.235209 0.582075
3.128447 0.775903
2.795580 0.526629
0.536499 0.948537
2.537290 0.647888
2.849300 0.803398
0.040932 0.313617
2.458509 0.773840
2.415826 0.958185
0.250866 0.377642
2.468712 0.652873
0.120872 0.289461
0.207244 0.820667
0.199802 0.670435
2.966710 0.424689
0.090180 0.471105
2.469954 0.846805
0.428956 0.669755
0.183575 0.355306
3.066625 0.561751
0.335946 0.774042
3.043241 0.409484
0.359435 0.572768
0.762666 0.878774
0.985349 0.880828
2.942063 0.829006
0.590985 0.559809
3.045156 0.210461
0.258100 0.910819
2.722203 0.988030
2.729730 0.930954
2.568022 0.820260
0.132687 0.282939
3.003586 0.771240
0.041787 0.099503
0.187357 0.956392
2.969367 0.905367
2.712353 0.886613
3.048156 0.512591
0.811861 0.813932
1.950530 0.958890
0.577662 0.572526
0.540688 0.666976
3.053400 0.805946
0.439183 0.538751
0.064411 0.724695
0.167265 0.212364
2.658266 0.668632
2.927460 0.916877
2.588973 0.915377
3.002986 0.795958
2.576547 0.926321
2.905826 0.762296
3.007881 0.292547
0.431050 0.977138
0.210552 0.688762
3.022018 0.738457
0.279900 0.306006
0.094614 0.406752
2.421822 0.765638
0.635985 0.615485
0.024136 0.393051
2.870650 0.343195
0.205049 0.640515
0.198527 0.904328
2.934820 0.833712
0.152862 0.347737
2.714344 0.742714
0.037507 0.446637
2.638120 0.573898
0.789624 0.753417
0.129579 0.175040
0.204896 0.710908
2.011556 0.922603
2.702685 0.782574
0.880125 0.871871
2.583565 0.583521
0.350617 0.673609
2.545578 0.688774
2.713888 0.575772
0.352141 0.823242
0.521456 0.576408
2.863346 0.835341
0.296808 0.834511
0.795911 0.773391
0.360315 0.376519
2.746436 0.958157
2.937060 0.845705
0.081671 0.846277
1.005208 0.957205
0.005205 0.413940
2.487457 0.662922
0.236708 0.847432
3.053242 0.986136
0.083214 0.961673
2.950816 0.206119
2.122159 0.880949
0.065743 0.727855
2.921018 0.243093
2.189963 0.968643
0.033020 0.372391
2.669222 0.594342
0.062745 0.716677
1.233347 0.968031
0.420120 0.624585
0.169432 0.693021
1.766146 0.994751
3.026626 0.901688
2.172279 0.974194
0.012000 0.083753
2.960145 0.356780
3.018729 0.676461
2.815235 0.807209
2.455067 0.700559
0.181080 0.856651
2.170037 0.995627
0.409792 0.794111
2.275273 0.996322
2.262066 0.848562
0.762357 0.811998
2.881869 0.406860
0.228576 0.991512
0.191887 0.796946
0.550962 0.715564
0.097220 0.921392
2.050538 0.916064
2.875871 0.732139
0.028588 0.951159
0.260371 0.830795
0.171406 0.995491
2.977606 0.359986
0.503113 0.684692
0.147464 0.716903
2.670181 0.962027
0.813693 0.989710
0.178042 0.184710
0.168356 0.952972
0.475388 0.502330
0.396744 0.719564
0.090235 0.791076
2.619620 0.629290
0.217057 0.887086
2.947957 0.400833
0.182675 0.773245
2.590864 0.743797
3.115032 0.406904
3.027407 0.380959
0.825137 0.839139
2.551438 0.786813
0.413930 0.750432
0.590320 0.606206
0.841009 0.884640
0.718797 0.719807
0.257375 0.763711
0.181212 0.503084
0.170357 0.869470
0.307502 0.399992
0.112963 0.969058
2.704742 0.546547
0.863789 0.891847
2.987476 0.346466
2.658415 0.729815
2.796143 0.532545
0.006511 0.548627
2.956998 0.621820
2.671520 0.704751
0.138132 0.302052
0.043110 0.143898
0.113260 0.586842
2.307102 0.986672
2.932140 0.580440
2.251195 0.823313
0.355838 0.718242
2.374180 0.889625
0.750932 0.696870
2.853340 0.314634
1.027343 0.951881
0.301805 0.954656
0.372209 0.474806
2.962786 0.834685
0.018099 0.071130
0.580885 0.806388
0.352994 0.812979
2.946603 0.653578
2.798624 0.426503
0.304265 0.644327
0.518589 0.577888
1.058170 0.917061
0.234923 0.711518
2.639538 0.700102
2.663076 0.968524
2.572436 0.738430
1.241621 0.993496
2.004144 0.934448
0.465301 0.990543
2.174883 0.875216
0.443090 0.856995
2.629495 0.508636
2.443846 0.690554
0.008628 0.329713
0.215010 0.898891
2.305966 0.866641
0.578417 0.738912
3.127924 0.778115
1.903599 0.953751
2.783524 0.638507
0.546155 0.722727
0.112959 0.217296
3.004059 0.260064
2.143905 0.881087
0.027928 0.925789
2.968477 0.685580
3.091191 0.258964
1.188845 0.985972
2.534067 0.798062
0.049235 0.189255
0.194810 0.971566
0.181375 0.773116
0.101750 0.649249
0.026521 0.984411
2.901111 0.386350
3.048576 0.166671
2.489838 0.969642
2.857489 0.688654
0.035631 0.941618
0.304707 0.614557
2.639270 0.489628
2.728144 0.808596
2.700758 0.780562
2.968919 0.652107
2.357083 0.854557
2.501462 0.678664
0.078549 0.839739
0.574427 0.757071
0.440710 0.438286
1.944187 0.980064
2.915198 0.375278
0.376116 0.825824
0.326312 0.331421
0.352691 0.373468
0.717134 0.956085
1.994487 0.931696
2.423764 0.734452
0.245323 0.987163
0.178153 0.881887
0.746694 0.827843
2.955859 0.354968
3.051707 0.444967
0.139326 0.308207
2.409519 0.987293
3.075035 0.802726
2.984923 0.667145
0.338333 0.817277
3.135282 0.748085
2.877425 0.879518
0.098370 0.107497
2.994763 0.183225
0.001658 0.498340
0.774920 0.990798
2.734310 0.421148
0.645158 0.916111
1.001000 0.976359
3.105429 0.410992
0.321908 0.483049
0.981290 0.873489
0.080928 0.102371
2.391908 0.799706
0.908471 0.992258
2.684112 0.762796
0.260673 0.365249
0.336919 0.594255
2.405368 0.931845
0.032132 0.791028
0.108458 0.468019
3.060677 0.181468
1.037371 0.886499
1.207796 0.953821
2.782518 0.930625
2.955866 0.919883
0.517722 0.896048
2.469117 0.762080
2.428894 0.849768
0.170998 0.378872
0.462506 0.635571
3.130945 0.772688
2.885550 0.539116
0.093144 0.936237
2.486893 0.802408
2.469523 0.845665
0.570328 0.946622
0.177642 0.840163
0.191718 0.304230
0.190954 0.951246
2.788222 0.517515
2.803136 0.673488
2.946785 0.830613
0.277801 0.940841
0.749853 0.779570
1.423871 0.999993
3.135967 0.482584
2.625319 0.814851
2.374320 0.879616
0.228283 0.647779
3.138180 0.310813
2.995790 0.316980
2.446540 0.722117
0.272480 0.993561
3.119455 0.040017
0.561175 0.734385
2.487380 0.799299
0.071356 0.118096
2.985658 0.407871
0.444813 0.474136
1.089773 0.933006
0.256906 0.890177
2.965266 0.675778
2.840125 0.875176
0.289049 0.854358
2.470425 0.812552
0.241550 0.927607
2.703837 0.560124
2.689226 0.728605
0.566256 0.934747
0.138641 0.342533
3.056613 0.560608
2.534938 0.759234
0.691842 0.823589
0.043015 0.170975
2.934811 0.416808
2.141005 0.845031
0.652640 0.861386
0.641425 0.752719
0.077847 0.359482
0.443315 0.576663
2.631983 0.764355
2.846191 0.519136
3.010831 0.412431
3.104296 0.137671
2.833898 0.426213
2.829346 0.904390
0.255578 0.905151
0.465220 0.921096
0.409000 0.600466
0.119854 0.650185
0.240935 0.771320
0.601633 0.787364
1.932174 0.990751
2.807249 0.948434
0.257395 0.505883
0.335000 0.886453
2.707360 0.532674
2.596147 0.938134
0.360322 0.720407
3.071119 0.689676
2.955519 0.826168
2.202856 0.883769
2.993449 0.255137
3.058228 0.854056
2.333227 0.957410
2.856551 0.354400
2.385780 0.945951
0.369665 0.631102
2.365149 0.734405
0.165942 0.278899
0.061828 0.625905
2.783047 0.850254
2.258777 0.889443
3.003839 0.957088
0.670060 0.899085
0.823129 0.982729
2.976469 0.398799
3.082233 0.903561
0.017468 0.161311
0.190679 0.195042
2.814002 0.397888
0.406651 0.952071
3.079244 0.706758
2.944374 0.592617
2.369442 0.789151
2.801747 0.545532
0.352683 0.897033
0.363150 0.767239
0.519595 0.523396
1.854320 0.974536
2.933183 0.738489
0.144588 0.326613
0.465727 0.728370
0.346666 0.977988
0.214501 0.295447
2.680702 0.777655
0.237942 0.915248
2.806290 0.574482
2.840016 0.710426
2.606573 0.971956
0.019444 0.591280
0.444546 0.476203
2.918863 0.404299
0.179474 0.422761
0.431005 0.824102
2.950295 0.858572
0.086443 0.843063
2.560644 0.574870
0.293598 0.472881
0.628714 0.893834
0.254878 0.864056
0.449832 0.462044
0.474951 0.893605
2.850116 0.916611
0.438106 0.455823
0.204660 0.567782
2.549288 0.566473
2.750058 0.603220
2.976946 0.976243
0.333329 0.704506
2.553607 0.884042
0.087795 0.624182
1.996712 0.910822
2.713438 0.660680
1.284348 0.999572
3.065640 0.983299
0.191674 0.320781
0.331027 0.758230
2.549598 0.980465
2.528020 0.735846
0.519483 0.698252
3.107055 0.123486
2.686532 0.765924
0.654563 0.898068
2.660490 0.950994
0.016245 0.734955
2.355985 0.969267
0.127486 0.273214
0.957657 0.936230
0.728407 0.994838
2.966702 0.964592
2.710262 0.990209
0.325764 0.392240
1.080583 0.928479
0.078258 0.767576
2.751233 0.631022
0.226844 0.769258
0.633225 0.860609
2.435606 0.825759
0.044314 0.469041
2.590322 0.909653
3.140575 0.025777
0.415056 0.891896
2.580053 0.725176
0.189736 0.834991
0.610955 0.859317
0.758379 0.770577
0.894179 0.984013
2.863163 0.432219
0.208961 0.681608
2.659678 0.487147
2.995343 0.329741
0.518355 0.885182
2.742252 0.405890
2.030810 0.987644
1.098903 0.910212
0.810249 0.905900
2.533142 0.829283
2.839755 0.890705
2.519879 0.980191
3.013547 0.448354
3.040576 0.459971
0.506274 0.637087
2.220166 0.944658
0.500220 0.964281
2.672258 0.756333
0.141305 0.400023
0.150122 0.752226
2.926664 0.602160
2.323133 0.899399
0.196129 0.900278
0.090331 0.478197
0.257389 0.879003
3.032308 0.279205
0.517069 0.863710
0.019428 0.575070
2.976697 0.325108
2.175627 0.975939
2.523854 0.774063
0.098635 0.820144
0.854988 0.814444
0.786588 0.855590
0.122962 0.610636
3.129076 0.470652
3.028340 0.344786
3.043105 0.806626
0.577488 0.855261
0.244739 0.971340
3.059295 0.638262
0.132749 0.397573
0.047234 0.909104
2.693082 0.454284
0.018716 0.499436
2.704253 0.979436
0.433454 0.737861
2.700937 0.975310
0.370617 0.402066
3.068650 0.359426
0.443612 0.833963
0.396746 0.471098
0.146654 0.272007
2.636681 0.851866
2.938446 0.956921
0.281556 0.565101
3.085492 0.393280
0.481054 0.882619
0.486615 0.595217
0.301326 0.683955
2.614535 0.559254
0.386780 0.767495
2.959027 0.751808
0.020474 0.127349
1.128856 0.936097
2.928887 0.456476
1.149000 0.940451
2.457122 0.924119
2.756858 0.797058
2.997127 0.688087
2.937130 0.751376
0.047647 0.449503
2.397088 0.947125
2.846311 0.526315
0.338972 0.556671
0.442180 0.709050
2.895745 0.413986
0.127079 0.350182
0.463421 0.526257
3.123660 0.122779
0.483952 0.789148
2.983125 0.463281
3.120803 0.640049
2.864238 0.860441
0.444025 0.664331
2.723155 0.672704
2.807942 0.717378
0.857901 0.843304
0.568376 0.991176
2.311046 0.919410
2.537277 0.815138
0.248183 0.628627
2.888869 0.351553
0.862239 0.973953
2.806690 0.896049
0.170524 0.363164
0.661739 0.670643
3.130270 0.158484
0.172267 0.176884
0.231451 0.295571
2.293278 0.841313
0.923748 0.979341
2.942930 0.509973
2.028761 0.987214
2.691826 0.881540
0.031324 0.636696
2.498337 0.911525
2.814367 0.849713
0.278657 0.458780
3.010394 0.628457
2.706667 0.524827
1.190941 0.934893
2.577536 0.859639
0.059056 0.837128
2.488292 0.937334
2.639246 0.587162
2.666921 0.735855
2.890119 0.944616
3.113462 0.740326
2.244185 0.820237
0.449797 0.732741
3.065678 0.728769
2.801173 0.412703
0.448191 0.727732
3.077390 0.808495
2.479330 0.782283
2.625637 0.785190
2.839186 0.621886
0.068401 0.973851
2.529008 0.739440
2.013101 0.930582
2.429065 0.696166
2.940998 0.962558
0.137927 0.171506
2.645304 0.479214
0.640250 0.863437
2.950245 0.376001
2.481775 0.875201
0.243631 0.365620
0.413351 0.823201
0.585199 0.608404
0.402430 0.639081
0.336095 0.522728
0.126998 0.976813
2.599572 0.729016
2.643006 0.912609
2.268446 0.874667
2.573901 0.702234
0.090863 0.646655
0.211762 0.272494
0.479986 0.646969
3.137730 0.707865
0.149920 0.619402
0.258054 0.709532
2.108974 0.901089
0.363769 0.856161
0.679402 0.744365
0.421866 0.428473
0.237934 0.590422
0.065400 0.561777
0.359201 0.724706
0.588147 0.785258
0.263084 0.508320
3.101492 0.103956
0.221147 0.481644
2.463849 0.720309
3.015800 0.409994
0.999739 0.914697
2.235925 0.809209
0.052596 0.795076
2.824493 0.387626
2.995887 0.901940
0.594343 0.745632
2.872610 0.845671
2.676728 0.471994
0.932586 0.868411
0.006596 0.357375
2.171345 0.955387
3.046200 0.220749
3.036010 0.220765
2.346993 0.972256
3.076749 0.756302
2.987617 0.761748
3.086673 0.763233
0.124618 0.356866
2.088086 0.900529
2.886895 0.332460
0.279764 0.781153
0.455370 0.459220
2.810841 0.557200
2.507434 0.912147
3.028976 0.780590
2.840196 0.783028
2.361073 0.776817
2.983524 0.670375
0.344193 0.489361
3.039904 0.104146
0.052171 0.637536
0.100257 0.545071
2.435520 0.872304
2.944325 0.422984
3.128875 0.367309
0.157337 0.317838
2.710787 0.578594
0.342056 0.389957
2.359267 0.779103
2.932367 0.560740
3.128708 0.168477
0.037493 0.896435
3.104504 0.074410
0.416488 0.743284
2.864471 0.791824
0.078348 0.346939
2.344423 0.844650
0.202358 0.878700
0.941171 0.844319
0.022650 0.211122
0.660668 0.759552
2.798042 0.800057
0.350687 0.939671
0.063114 0.825265
2.691819 0.877501
0.067404 0.822727
3.033607 0.672587
0.011077 0.856226
0.387040 0.665911
0.783694 0.999504
0.198087 0.641867
0.081106 0.913084
3.080610 0.730102
0.216990 0.529333
2.495673 0.978460
0.035647 0.909014
0.029662 0.104150
0.180309 0.427815
2.709275 0.901262
0.017996 0.487856
2.982589 0.638895
0.210508 0.367153
1.989744 0.983355
2.616445 0.579704
0.006298 0.833356
0.137708 0.398644
0.280066 0.905874
0.342765 0.726717
3.123619 0.921749
0.378107 0.618889
0.324180 0.744421
2.641872 0.876216
3.107353 0.543802
0.144530 0.305346
3.063994 0.250331
2.348863 0.762650
1.989868 0.966920
2.936761 0.920982
3.118831 0.739871
2.819287 0.617968
0.042199 0.128489
2.912999 0.454246
2.637002 0.914780
0.795995 0.721916
2.828515 0.354141
2.320960 0.893065
0.296252 0.408010
1.932702 0.969929
3.064665 0.601016
0.241673 0.804390
0.813270 0.911288
2.598869 0.978267
2.427045 0.727503
2.350458 0.984247
0.406390 0.661896
0.137383 0.930956
2.826397 0.753725
2.887322 0.647732
3.094893 0.503817
2.599484 0.650872
0.613019 0.656524
1.007616 0.990921
2.993759 0.220156
2.339630 0.871965
2.726683 0.482618
2.323881 0.790982
2.455995 0.783520
0.669306 0.832251
1.124604 0.957442
0.116869 0.146897
2.898122 0.402196
0.737303 0.749564
0.292179 0.938664
3.063771 0.532774
0.752987 0.788761
3.113861 0.161918
2.898760 0.534799
0.309855 0.428902
2.622297 0.524911
0.201217 0.702822
0.772543 0.762300
0.340010 0.378199
0.479013 0.472012
0.022391 0.033798
0.152445 0.834832
0.829281 0.939120
0.232354 0.735227
0.121660 0.895074
0.495865 0.917716
2.989318 0.269168
0.040560 0.666833
3.069354 0.679619
2.877112 0.380489
1.963293 0.954206
0.445707 0.696306
2.625792 0.634518
2.704068 0.787277
3.031803 0.466049
0.798611 0.738835
0.306071 0.887019
2.325652 0.962267
2.765709 0.420039
3.063818 0.716078
0.172340 0.835923
0.035255 0.468397
0.930647 0.822142
2.924798 0.714464
3.031903 0.542426
0.616514 0.895524
2.400822 0.752655
2.859468 0.605839
0.742759 0.841139
0.828450 0.813009
0.980102 0.880555
3.087101 0.507744
0.176625 0.781324
2.124945 0.976024
0.026759 0.260333
0.213511 0.863227
3.072438 0.308913
2.341372 0.862328
2.979144 0.173383
0.129601 0.346034
0.400981 0.808920
3.070820 0.616205
2.871771 0.659895
0.535225 0.550842
2.701141 0.508872
3.130944 0.086136
0.834970 0.944884
0.065610 0.819622
0.440584 0.998037
2.161575 0.915623
0.367565 0.877273
0.201077 0.976474
2.650034 0.919966
0.712218 0.813841
1.047644 0.885271
2.547168 0.985054
2.869390 0.556248
0.441797 0.883180
0.686922 0.990853
2.752551 0.555286
2.373096 0.869283
0.374677 0.399424
3.125518 0.428568
2.581150 0.680008
0.137079 0.999982
2.480292 0.679284
0.156300 0.381672
2.583921 0.783430
0.438967 0.606275
2.752082 0.961003
0.035177 0.794401
2.323071 0.924155
0.170279 0.407078
2.944365 0.309655
2.877564 0.975899
0.119264 0.202214
0.042039 0.090975
0.709877 0.734715
2.882290 0.479883
3.120418 0.594194
3.087978 0.685974
2.305134 0.995995
2.441080 0.661512
2.101396 0.876028
0.115950 0.148610
0.443656 0.579284
0.186819 0.814429
0.238871 0.615704
0.660204 0.823977
0.203210 0.313877
3.035349 0.168508
0.140869 0.336952
0.766879 0.975403
2.905081 0.319605
3.122219 0.476716
3.096645 0.223845
2.217756 0.951859
0.584654 0.825890
3.115258 0.092950
2.524085 0.755230
2.539883 0.603714
0.387175 0.993437
0.577721 0.946917
0.656321 0.945130
2.875717 0.759593
0.540618 0.579684
0.311071 0.773714
0.025709 0.821468
0.044898 0.334972
0.177190 0.222639
0.753830 0.828946
2.932314 0.623341
2.986886 0.738130
2.952420 0.253507
2.439465 0.692795
2.653571 0.569701
2.363253 0.943338
3.028056 0.517863
2.326614 0.966357
1.918622 0.980211
2.360339 0.728666
2.773738 0.574028
2.855293 0.833611
0.981362 0.848604
0.489758 0.833231
0.030983 0.823047
2.909115 0.892418
0.227589 0.940174
2.940607 0.486674
0.349448 0.461298
0.436461 0.508025
0.930972 0.864684
0.683319 0.979534
0.642791 0.975975
0.233366 0.815181
0.653725 0.869357
2.683519 0.444525
2.672900 0.829419
2.180894 0.993492
0.027936 0.330764
0.459354 0.676726
0.719257 0.901301
2.679186 0.531608
2.992984 0.706909
3.066638 0.109941
0.303671 0.666897
1.188618 0.947137
0.751661 0.697133
0.352182 0.532883
0.754088 0.901847
0.803350 0.854856
0.036522 0.148928
0.574118 0.584811
0.032557 0.823755
0.340615 0.899328
2.947452 0.705877
2.253296 0.949494
2.685594 0.445243
0.628564 0.700865
2.388842 0.917873
2.380167 0.888742
0.639044 0.629115
3.131991 0.852472
2.302497 0.846118
0.075057 0.587627
0.444694 0.433852
0.164945 0.228106
2.693181 0.733216
0.339664 0.597689
2.325689 0.784062
2.628537 0.704483
0.147436 0.464251
0.163930 0.822064
2.745067 0.434889
0.887970 0.826425
0.257862 0.429620
0.086766 0.492118
3.058944 0.812984
2.570344 0.810321
0.184146 0.829489
2.826580 0.765026
2.919596 0.787834
3.070792 0.658448
0.545401 0.951140
2.392440 0.988899
1.174991 0.950943
0.040309 0.273509
0.018693 0.407033
2.603447 0.789516
2.453700 0.884925
0.019099 0.543386
0.048273 0.714187
0.163463 0.644034
0.387521 0.590791
3.093447 0.613727
2.795249 0.765637
2.864550 0.927900
0.200733 0.807528
2.461802 0.989314
0.340092 0.835277
0.250756 0.550595
2.149067 0.968927
3.010447 0.610570
2.644164 0.728861
0.391851 0.488546
3.130753 0.742465
0.465912 0.669633
2.476508 0.880108
0.018771 0.106191
0.410067 0.514823
0.095557 0.692481
2.509306 0.704794
2.408225 0.876017
2.800113 0.896739
0.650090 0.970807
3.016410 0.612224
2.599284 0.841306
2.959523 0.209830
2.637621 0.792495
2.979407 0.393367
2.203417 0.827944
0.119631 0.414727
0.167231 0.933085
3.097759 0.144766
0.103292 0.165466
2.657131 0.814670
2.990841 0.900895
2.815097 0.653273
2.783454 0.732371
0.157973 0.938894
0.074605 0.651498
2.794842 0.726953
2.929812 0.810132
3.070314 0.491692
3.014658 0.543498
0.412015 0.855623
0.618980 0.859710
0.709885 0.676305
0.477488 0.891172
2.834157 0.320232
0.410422 0.689582
0.262334 0.798181
2.722994 0.774616
2.983846 0.951088
0.722976 0.969811
0.525094 0.921004
0.331948 0.648758
0.237537 0.501684
0.298613 0.305201
3.053315 0.691270
2.742955 0.926407
3.075654 0.309479
3.060537 0.084382
0.122104 0.944154
0.218892 0.507865
0.168551 0.649637
0.367623 0.917352
0.524697 0.702803
3.048483 0.521460
2.388993 0.791710
0.040775 0.963606
0.673074 0.950636
2.466991 0.872892
3.110613 0.593131
0.063510 0.561961
3.018650 0.570707
2.885427 0.367319
3.003881 0.165366
2.377149 0.976055
2.833810 0.350521
0.151591 0.601664
0.419930 0.685430
0.166664 0.226412
0.984078 0.910542
3.066604 0.697124
0.692007 0.732715
2.115181 0.947351
2.881215 0.826370
0.068292 0.609111
2.625035 0.633655
2.629873 0.890444
2.516570 0.654814
0.644018 0.777109
1.169677 0.959985
0.770628 0.785550
0.318135 0.995420
2.581908 0.890528
3.030741 0.462705
0.327882 0.525534
2.985513 0.310202
0.340098 0.572629
0.060452 0.854207
0.283103 0.983634
0.991773 0.852339
0.948226 0.914960
2.240930 0.941792
0.217843 0.821191
0.350781 0.562134
3.096369 0.774786
3.103662 0.935224
0.738954 0.849634
1.024898 0.906579
0.464995 0.917572
2.376545 0.968026
2.961045 0.538180
0.265008 0.580297
2.640011 0.932434
2.644830 0.700721
3.135789 0.137768
3.085815 0.685553
0.591295 0.750094
2.965960 0.551953
0.016861 0.239304
3.090254 0.596346
3.078132 0.461977
0.060946 0.378696
0.577242 0.672666
0.085313 0.991065
2.757779 0.668738
0.033767 0.651207
2.713720 0.994087
0.778462 0.843554
1.142627 0.935556
0.325254 0.755166
2.978129 0.851598
0.305619 0.628332
3.016293 0.770661
0.242418 0.334272
3.131687 0.137875
0.534331 0.874222
0.392515 0.726383
3.120773 0.434740
2.372936 0.863891
2.640697 0.730647
2.739473 0.462868
0.242220 0.297597
0.076310 0.095862
0.087497 0.301819
2.657500 0.917173
2.677759 0.514068
2.056909 0.929118
2.550109 0.757116
0.411122 0.835645
2.679855 0.766798
0.498027 0.686562
2.826682 0.619569
1.914981 0.973870
0.081850 0.764171
0.229149 0.871603
2.140823 0.924955
0.293338 0.984660
0.104579 0.946061
0.444012 0.909717
3.041280 0.450673
0.425755 0.448242
1.173062 0.944083
0.603064 0.963389
2.743071 0.585237
2.680130 0.925792
0.318677 0.935094
2.762137 0.532252
2.444049 0.913552
0.613402 0.969598
2.755114 0.731533
0.479748 0.500476
0.196606 0.703580
0.168206 0.457641
0.151697 0.432933
2.928003 0.927161
3.032251 0.633611
2.977518 0.743079
0.248952 0.748275
0.542370 0.543854
2.916782 0.947611
2.510322 0.868264
0.085951 0.605663
0.675579 0.761960
0.325375 0.887912
2.805941 0.732645
0.309617 0.722250
2.444715 0.798674
2.697214 0.834950
0.430927 0.944379
2.387327 0.780915
2.849256 0.712232
2.908794 0.638582
0.019984 0.784379
2.611732 0.617870
0.103113 0.630182
0.266090 0.317613
2.070025 0.905795
0.076576 0.173838
3.010371 0.705741
0.685267 0.789504
0.348598 0.889001
2.818854 0.609940
0.009959 0.245805
0.300010 0.454738
1.075607 0.902430
0.770334 0.742510
0.129397 0.528747
0.764933 0.859007
2.847161 0.949516
2.628092 0.547119
3.090100 0.999016
2.965995 0.418543
2.599372 0.960753
2.575532 0.736708
0.518586 0.737525
2.175362 0.941857
0.199788 0.593787
3.028136 0.131577
2.611990 0.697876
0.114033 0.222357
0.198851 0.863342
0.250092 0.420422
2.290112 0.765538
2.883306 0.497323
0.077697 0.298145
3.083370 0.988295
2.914029 0.924463
0.091598 0.914321
0.476317 0.461972
0.014279 0.472344
2.925169 0.316492
2.550741 0.582940
0.276423 0.325408
3.085108 0.248889
0.474181 0.511956
2.710062 0.949346
2.985224 0.553421
3.049386 0.687118
2.779044 0.852944
2.482422 0.972258
0.561131 0.906415
0.664614 0.965732
0.085627 0.922690
0.568201 0.906886
2.890054 0.340492
0.593154 0.804468
0.608504 0.978661
2.780664 0.988028
1.061013 0.912023
0.133586 0.866106
2.428655 0.728801
3.014359 0.533028
0.265084 0.321995
0.040993 0.277524
2.442774 0.986832
0.308007 0.688206
0.027859 0.473747
0.281583 0.696487
2.484131 0.679516
1.116507 0.924103
2.789165 0.439277
0.773892 0.900517
0.183104 0.866583
2.481724 0.730948
3.003922 0.441998
3.105715 0.347321
0.169312 0.779233
0.085286 0.408782
2.209892 0.914621
2.664411 0.949434
2.561016 0.564861
2.924809 0.228672
3.055479 0.283918
0.721704 0.749835
2.902102 0.951928
2.831808 0.384057
3.110202 0.196971
0.151834 0.363270
3.043464 0.165125
2.745950 0.480152
1.010964 0.922050
0.627729 0.956526
0.260823 0.527890
2.907600 0.868976
0.704936 0.693596
1.113975 0.963363
3.138500 0.917057
2.189004 0.979973
2.833886 0.405479
2.510419 0.995212
2.439720 0.798042
2.866066 0.368274
3.135913 0.012236
0.268166 0.900214
0.006635 0.779721
0.038093 0.599810
2.104519 0.958161
2.948537 0.310612
2.423381 0.737556
2.878105 0.905713
3.055267 0.234504
0.424094 0.796233
0.138554 0.188832
0.069873 0.156091
1.166504 0.960459
3.112138 0.606354
3.055653 0.111840
0.533086 0.596156
0.463882 0.552295
2.975073 0.468991
3.114689 0.990777
2.881732 0.338227
2.742935 0.607509
0.672659 0.711168
2.585735 0.552055
0.466470 0.685040
2.757041 0.886206
2.981086 0.439287
3.114401 0.123824
0.065168 0.217244
0.019842 0.830487
0.324184 0.594592
3.123576 0.245595
2.798830 0.580434
0.055950 0.882203
0.069325 0.513122
2.294783 0.891647
0.550251 0.790483
2.689099 0.848037
0.560649 0.604696
0.065186 0.172462
2.671419 0.911298
2.365540 0.867788
3.048241 0.740503
2.693881 0.700642
0.151958 0.807037
0.190739 0.890105
0.476396 0.916336
2.858308 0.473345
0.246096 0.793401
0.818997 0.928333
0.445165 0.818390
0.250986 0.776798
0.324453 0.582934
0.177751 0.794804
0.197770 0.292904
2.485533 0.845112
1.938173 0.934569
0.684194 0.696416
1.039910 0.927936
0.666520 0.663785
0.338838 0.794794
0.312921 0.838936
2.624373 0.939051
2.848033 0.414351
2.666861 0.640153
3.039778 0.217898
3.006575 0.502933
0.937911 0.908984
2.874763 0.523378
0.171385 0.564906
1.116324 0.987017
0.687304 0.644136
0.184683 0.685655
0.797767 0.907327
0.887335 0.925876
2.735130 0.427041
0.160952 0.929065
0.578670 0.941380
0.468061 0.768651
0.201536 0.938012
2.429032 0.914818
0.145822 0.885808
0.690198 0.882504
3.127407 0.229283
3.012056 0.522262
0.380447 0.873875
0.165729 0.427279
0.256383 0.302388
2.590889 0.886204
2.108050 0.862685
0.428577 0.872127
0.809807 0.999165
0.903783 0.950649
3.129590 0.316996
0.565307 0.765390
2.831887 0.578403
2.243127 0.954609
0.013532 0.472445
2.783806 0.429604
2.732999 0.465127
0.429884 0.613776
2.935746 0.701213
3.083092 0.830818
3.024389 0.414199
2.370405 0.966671
2.785588 0.926516
0.456941 0.772721
3.011677 0.226019
2.638455 0.702724
0.716850 0.770568
2.767931 0.806247
0.219639 0.993151
2.588751 0.589226
2.673099 0.786650
0.011757 0.605271
2.366876 0.890069
2.082554 0.887908
2.251606 0.953723
2.237238 0.944553
3.054642 0.605312
3.006161 0.209648
2.462389 0.873499
0.521848 0.958926
0.073432 0.843885
0.646075 0.683747
2.331716 0.880074
2.756007 0.920793
3.029635 0.960726
1.336637 0.973934
2.930734 0.654466
2.656811 0.546693
3.000186 0.935362
2.818006 0.324638
0.545449 0.861318
0.711644 0.783175
2.857537 0.308069
0.441527 0.461351
2.469472 0.848425
2.846364 0.420229
2.842408 0.392921
2.374600 0.870447
1.014320 0.914296
2.268351 0.962955
3.026585 0.477731
0.553031 0.686724
0.260765 0.878085
2.957232 0.405365
2.274199 0.869474
2.059560 0.965772
3.071526 0.795551
3.126259 0.709676
0.548337 0.936415
0.362294 0.966659
0.681635 0.735970
0.089794 0.378357
2.562113 0.872407
2.877966 0.428504
0.531406 0.516597
0.131725 0.972162
3.066217 0.356487
2.303866 0.951160
0.789093 0.838267
3.108489 0.166996
0.838820 0.790331
0.797024 0.742582
0.702133 0.966127
2.617826 0.569181
2.965839 0.727469
3.006031 0.677297
1.867638 0.960033
0.023870 0.228466
2.363562 0.809621
0.198308 0.444391
0.383171 0.531312
0.627231 0.602203
0.724702 0.944505
2.841785 0.413288
2.833426 0.341310
1.021005 0.910922
2.923580 0.734722
2.388539 0.791561
1.778552 0.990654
2.312682 0.905477
2.561989 0.640603
3.084791 0.170154
0.487811 0.593224
0.091528 0.821154
3.005919 0.697117
0.066074 0.804896
2.527345 0.585492
0.440420 0.564636
2.368132 0.930151
0.277565 0.735635
0.202694 0.285659
0.285396 0.692008
0.537426 0.953409
3.046793 0.325066
0.098280 0.377116
2.982499 0.672818
0.249053 0.278201
2.750056 0.797148
0.537263 0.845145
0.384825 0.992578
2.995442 0.815050
0.293865 0.842828
0.552649 0.657111
0.196932 0.772315
0.009510 0.593747
2.660208 0.542487
2.860666 0.289914
2.833216 0.589368
0.178469 0.964197
2.840685 0.499017
3.054586 0.540461
3.120508 0.308746
0.795224 0.903836
2.687041 0.921021
2.874030 0.320842
0.843645 0.971313
0.974759 0.923621
0.106950 0.581737
1.053511 0.999119
0.427664 0.973937
2.751310 0.921185
2.546328 0.898225
0.893014 0.802233
2.438633 0.842417
3.062352 0.429047
0.036385 0.901406
0.672399 0.940591
0.271667 0.998857
0.357846 0.539203
2.044741 0.892424
2.903730 0.527205
3.125836 0.832004
2.610394 0.641405
3.081394 0.228766
2.927458 0.631582
0.381607 0.399226
0.022929 0.262547
2.405956 0.678034
3.038957 0.382603
3.127332 0.709780
2.889172 0.460318
2.527357 0.811450
0.025004 0.611952
2.630450 0.804552
2.578776 0.697650
2.928357 0.788112
0.253040 0.298701
3.085810 0.902716
0.183695 0.977698
0.314638 0.768251
2.916215 0.419959
0.123298 0.447994
2.314552 0.791937
0.806516 0.972669
0.316539 0.487893
2.676720 0.767961
0.040972 0.772077
2.730774 0.593425
0.071751 0.698863
2.916985 0.420060
2.927778 0.234322
0.021096 0.648449
0.793471 0.875589
0.384734 0.923819
0.841777 0.809439
2.519817 0.835793
2.586205 0.762843
3.053058 0.922095
0.372870 0.598067
2.811164 0.941566
0.836114 0.884729
2.793811 0.829598
2.363943 0.959195
0.170826 0.638450
0.211099 0.639961
0.088518 0.487085
0.276870 0.446063
1.039884 0.918321
0.499084 0.787344
2.678767 0.570665
0.505935 0.880498
0.182369 0.336489
0.085080 0.142902
0.675128 0.902112
0.319811 0.883419
0.647672 0.724972
3.079771 0.815654
0.190425 0.676990
0.650692 0.894284
0.054137 0.466938
2.902209 0.421920
0.215425 0.642205
0.475165 0.914607
2.436739 0.673374
2.980220 0.819141
0.545846 0.737025
0.326882 0.576137
2.118945 0.954753
0.647296 0.675621
2.181456 0.863577
0.427836 0.976747
3.023352 0.800203
1.008689 0.867083
2.193935 0.916980
0.224017 0.978668
0.233098 0.234037
2.936343 0.813643
2.808110 0.686606
2.603082 0.665734
2.531305 0.602484
0.283524 0.987132
2.725430 0.958852
3.118157 0.701255
3.005652 0.138846
0.496391 0.607808
0.483817 0.906517
0.608856 0.982266
2.213905 0.924592
0.032089 0.969088
3.079345 0.099858
3.004100 0.585969
2.849081 0.520893
0.044627 0.064599
3.050882 0.322250
0.471750 0.543368
0.788715 0.854506
2.749548 0.458802
2.691458 0.885903
2.601826 0.535498
2.694838 0.832009
0.906864 0.906110
0.412721 0.866155
0.772478 0.929447
2.561336 0.938804
0.144964 0.179037
3.126324 0.918217
0.292486 0.790320
0.294208 0.892962
0.432703 0.689238
0.018771 0.130491
2.675373 0.896906
0.496495 0.786145
0.849584 0.846975
0.128661 0.570052
0.083983 0.497831
0.041704 0.220133
0.720458 0.932898
2.937319 0.735390
2.695273 0.560962
2.389269 0.849224
0.656621 0.837043
3.014319 0.210584
0.564698 0.609224
2.122177 0.915675
0.123901 0.366860
2.795553 0.927539
2.762151 0.630042
0.439019 0.844762
2.907958 0.477757
0.078889 0.280975
2.755544 0.665216
0.464698 0.473303
2.554007 0.800786
0.092528 0.504990
3.052170 0.157229
0.261958 0.266266
2.345938 0.887978
2.820065 0.559561
0.609226 0.690309
0.344378 0.556554
0.100852 0.383223
2.732763 0.402395
2.821300 0.952916
0.191974 0.215902
2.396430 0.801140
0.217535 0.377882
3.085775 0.832244
0.387585 0.825717
2.497112 0.752173
0.656625 0.796378
0.415047 0.954788
0.371529 0.796533
0.296696 0.819017
3.105705 0.297752
0.499195 0.910726
0.796512 0.760965
2.636645 0.784755
2.857374 0.528383
0.183433 0.651750
2.982999 0.391734
3.007763 0.433079
0.610414 0.613371
3.103059 0.091818
2.625713 0.610087
2.825173 0.888873
0.342057 0.536063
2.914832 0.747548
3.010426 0.685222
2.107270 0.960370
2.975399 0.569909
2.668128 0.632493
0.085025 0.152203
0.608545 0.616063
2.870560 0.684627
0.836662 0.871935
0.280347 0.762253
0.143794 0.863152
0.448181 0.653276
3.076599 0.829877
2.998435 0.156522
2.930168 0.981172
0.366949 0.996992
3.124627 0.879139
0.398911 0.454082
0.311806 0.821207
0.647068 0.846051
0.009079 0.684936
3.121518 0.257826
2.692350 0.562396
2.737229 0.421592
2.744814 0.797461
3.008410 0.258642
2.428345 0.924521
2.512134 0.629850
2.807024 0.789928
0.763769 0.764716
0.665298 0.834620
3.046794 0.937188
2.572313 0.583983
2.815690 0.523433
0.371536 0.643682
0.495558 0.806554
2.837166 0.483889
3.072089 0.312358
2.706661 0.479298
0.199739 0.614394
2.995973 0.638086
2.938749 0.378053
0.523579 0.889649
0.286579 0.436398
0.487585 0.942779
3.047571 0.839274
0.603120 0.831575
2.801671 0.729245
1.849623 0.964031
1.013175 0.910500
0.169484 0.834111
1.862946 0.979555
0.119449 0.434324
0.757482 0.830685
2.794375 0.574524
0.270359 0.943089
0.314231 0.513695
2.820140 0.716652
2.332898 0.730410
2.517617 0.864562
2.913096 0.230635
3.019251 0.748012
0.538704 0.876725
3.077356 0.972530
2.750618 0.783516
0.135848 0.636756
0.531103 0.602967
2.667036 0.806001
2.117598 0.893490
3.043183 0.843139
2.496522 0.638807
0.097138 0.510575
0.848069 0.830813
0.644634 0.800559
2.929216 0.478030
3.109443 0.167771
0.571633 0.965576
0.136424 0.995608
0.730667 0.717072
0.505706 0.608172
2.630086 0.529639
3.091925 0.502181
3.022691 0.473941
2.305391 0.951904
0.942905 0.823407
0.113165 0.304420
0.057851 0.078835
2.697537 0.633038
3.111350 0.950151
2.828855 0.900711
2.638377 0.966221
0.436058 0.875485
2.998131 0.570669
0.099616 0.265673
0.690662 0.976848
3.120272 0.757959
0.467185 0.832982
2.226005 0.994820
0.366358 0.796280
2.685123 0.960998
3.134004 0.887900
0.297941 0.800961
0.807904 0.767956
0.315420 0.502924
2.628375 0.949711
0.264579 0.787548
3.111726 0.340275
2.877016 0.593035
2.584991 0.679506
0.014043 0.848286
0.731314 0.697151
2.637112 0.932285
0.766187 0.763497
0.326905 0.549341
2.598803 0.926543
0.376968 0.913631
0.171457 0.545748
2.833118 0.592003
0.496473 0.693320
0.798443 0.734261
0.299388 0.391900
0.170953 0.912253
3.078354 0.886430
3.140622 0.233779
0.582839 0.584801
1.183744 0.959846
2.777121 0.693304
2.935724 0.294887
2.763743 0.832486
2.643852 0.487832
3.004328 0.864731
0.382985 0.515248
3.017956 0.684897
3.042320 0.966518
0.027849 0.074768
0.024921 0.712918
2.660886 0.849131
0.353123 0.862698
2.817319 0.623176
2.628863 0.781811
2.110400 0.923930
0.188916 0.266136
0.131290 0.949930
3.015105 0.201522
0.848757 0.832363
2.754608 0.392396
3.132757 0.548437
0.994451 0.961304
0.715296 0.924449
3.114237 0.641672
0.395947 0.749358
2.621009 0.556761
0.053937 0.332867
2.343892 0.717221
2.780059 0.953207
2.207471 0.806101
0.042376 0.844319
0.547838 0.564147
0.190071 0.799400
2.495508 0.759636
2.902100 0.944922
2.512051 0.729522
3.137268 0.559050
0.030319 0.883507
0.788369 0.907320
0.186740 0.424827
3.111491 0.873446
3.124991 0.859808
0.506874 0.806061
0.830791 0.960623
3.108691 0.040490
2.977686 0.305894
0.123678 0.647323
1.975898 0.947351
0.211279 0.427185
3.060381 0.992038
0.510388 0.825531
2.838239 0.396835
0.239703 0.469541
3.012943 0.721049
0.282028 0.713704
0.892210 0.782796
2.477652 0.915651
2.837818 0.558407
2.968858 0.500902
0.193518 0.361428
2.783129 0.419110
0.700373 0.771078
0.130257 0.932268
2.870688 0.578153
0.067059 0.243368
0.274660 0.906895
0.749264 0.719130
0.244337 0.481750
0.139368 0.792545
0.365109 0.898163
0.778621 0.815434
2.483789 0.994125
2.948345 0.946705
2.909205 0.565079
3.060992 0.864419
2.926809 0.590863
1.947121 0.997868
0.683488 0.713192
2.588104 0.537265
2.797888 0.869675
2.879088 0.380951
2.824887 0.707256
3.064105 0.543381
0.921661 0.899176
3.065765 0.458464
3.125276 0.246820
2.032666 0.983352
0.155776 0.563321
0.611639 0.854246
0.247820 0.344130
0.155411 0.646493
0.330628 0.938823
0.023938 0.279317
2.647383 0.752125
0.420984 0.483823
2.891391 0.805846
2.614168 0.598138
2.236387 0.956634
3.038137 0.842436
0.897625 0.960072
0.157445 0.351053
0.095094 0.865999
0.158345 0.240277
0.981494 0.882163
2.634121 0.814988
0.311994 0.509260
2.601975 0.627485
2.151072 0.878280
2.726287 0.996808
2.389241 0.706177
2.811377 0.967716
0.285834 0.697011
2.587968 0.531745
2.864015 0.613496
3.108190 0.214529
3.058969 0.472115
3.042832 0.140155
2.484331 0.937307
0.477856 0.706044
0.126560 0.627705
3.051192 0.688375
0.108918 0.944907
0.505034 0.972764
0.123887 0.779920
2.890580 0.957674
0.574523 0.937843
0.245664 0.889394
0.192567 0.267143
0.071094 0.095359
0.214949 0.251178
3.024539 0.551489
0.813975 0.882803
0.193461 0.723460
0.139652 0.786421
0.455767 0.967028
0.008063 0.205800
2.892772 0.956259
0.167163 0.429936
0.578688 0.975461
2.846707 0.855043
2.582789 0.646015
0.151949 0.847923
3.064603 0.847073
0.046447 0.466300
0.353737 0.747135
2.804868 0.782898
0.252487 0.751226
2.771679 0.953922
0.538195 0.883867
0.209104 0.936005
2.740408 0.727120
3.074277 0.176299
0.055852 0.372007
3.095210 0.538141
2.585334 0.857490
0.834078 0.991038
2.975882 0.845440
0.207941 0.218224
0.275852 0.671300
3.091396 0.673239
0.143098 0.630885
0.437864 0.661876
3.084506 0.465278
0.007015 0.306677
0.273061 0.916014
3.137593 0.280716
2.985046 0.982744
2.996983 0.657051
3.092053 0.999200
2.638694 0.667974
2.456286 0.828922
0.433831 0.426720
0.530130 0.713748
2.953568 0.669875
0.675774 0.780002
1.062047 0.957150
0.734237 0.942420
0.842844 0.766858
0.307192 0.740818
2.574771 0.653625
0.258588 0.954471
2.520233 0.962196
0.467379 0.616203
2.273389 0.838666
0.371646 0.543072
3.053565 0.300174
1.013287 0.857098
0.074459 0.360574
2.820594 0.515681
2.494511 0.770262
3.110926 0.738442
2.776694 0.673067
2.711074 0.703106
0.014550 0.820671
0.262574 0.750436
0.331246 0.453776
3.045668 0.484710
0.374384 0.763418
1.244392 0.981286
2.405172 0.921228
2.110422 0.997298
0.549498 0.776818
1.086944 0.898652
0.578709 0.600748
2.657802 0.707112
0.020980 0.237415
0.386909 0.428583
0.560114 0.573952
0.910671 0.957790
3.124264 0.635426
3.132847 0.800539
2.659070 0.840696
0.252522 0.831977
2.536563 0.949081
2.849115 0.917741
2.301258 0.763315
0.303037 0.968603
0.168764 0.248685
0.155592 0.897092
2.800304 0.874839
0.634962 0.971417
2.654464 0.815955
0.312163 0.343962
0.822662 0.831506
0.337911 0.357798
0.664694 0.655707
0.233639 0.237363
3.122720 0.508643
2.634264 0.600474
0.479771 0.786728
0.180684 0.226521
0.076661 0.751052
3.115577 0.608567
2.858930 0.899835
2.909077 0.305082
0.012692 0.496455
2.957159 0.712258
0.548158 0.935265
0.197195 0.791921
0.664630 0.785853
0.019908 0.121304
2.578611 0.616204
2.894383 0.485179
0.764665 0.862560
3.137584 0.492534
0.395098 0.686528
0.964770 0.927616
2.962026 0.460227
0.049245 0.424280
0.650890 0.936648
2.857241 0.450092
2.725378 0.597032
2.923624 0.523957
0.577655 0.891921
0.096862 0.725201
0.055024 0.459643
2.496545 0.777418
0.320318 0.441016
2.653260 0.671322
2.998504 0.485973
0.727903 0.968634
2.918481 0.492153
3.072895 0.117226
0.125945 0.921670
0.829498 0.785851
2.575481 0.720563
3.051666 0.860746
0.029429 0.434983
2.849762 0.735358
0.355173 0.553516
0.465493 0.982463
0.536790 0.546036
0.359540 0.562771
0.196964 0.795025
2.785353 0.388978
0.391489 0.557162
0.165880 0.334338
3.027356 0.459282
1.187536 0.969837
2.979376 0.318581
0.357788 0.372225
0.521937 0.524060
0.362662 0.513035
0.171253 0.473721
3.004838 0.705267
3.079360 0.382340
2.735994 0.869772
2.834541 0.588301
3.017621 0.720559
0.512004 0.595889
0.013863 0.142894
3.073219 0.531020
0.552418 0.694907
0.068741 0.667543
2.438450 0.892423
3.019104 0.899057
0.787847 0.902703
2.494595 0.754401
3.060539 0.798084
2.819037 0.952421
0.556216 0.661396
3.061293 0.919682
2.877518 0.303303
2.932640 0.262681
0.324896 0.533123
3.101680 0.629896
2.777845 0.545983
0.875002 0.987311
0.249439 0.846370
0.020969 0.915532
2.973889 0.191863
3.009577 0.317855
0.123431 0.798095
0.598732 0.982525
0.595782 0.723137
3.107489 0.073564
0.192182 0.348225
0.063238 0.716691
0.761304 0.901771
0.140740 0.849716
0.021732 0.033636
2.900645 0.275721
0.946533 0.984154
0.162385 0.887703
0.344661 0.853534
0.690044 0.718831
0.147836 0.879730
0.008211 0.091249
0.393211 0.652725
2.641686 0.688266
3.137663 0.905693
0.533752 0.607310
0.110719 0.739859
0.030209 0.641921
3.002761 0.180512
0.011756 0.175194
0.173492 0.901640
0.445168 0.784369
0.326738 0.533089
2.394885 0.899986
2.667956 0.760989
0.676023 0.767983
2.979837 0.869304
2.888722 0.400847
0.582687 0.660016
2.187743 0.958889
0.690398 0.664554
2.550437 0.720104
2.975941 0.677648
2.798744 0.895750
0.481772 0.854569
3.038402 0.426635
2.602672 0.819448
1.280034 0.995741
2.817096 0.606679
2.859140 0.481038
2.797373 0.636404
0.973891 0.952995
2.940803 0.664581
2.918304 0.915826
0.258099 0.538970
0.737681 0.674536
0.093026 0.696990
0.301274 0.339082
0.177250 0.598720
2.714488 0.992186
2.591767 0.534562
0.349073 0.911583
2.599552 0.793153
2.004372 0.909271
1.044062 0.872464
2.747015 0.654846
0.445538 0.803227
2.746717 0.842052
0.072179 0.319362
2.897509 0.275412
2.894218 0.538302
0.017731 0.596276
3.043266 0.985274
0.425570 0.416690
0.619104 0.580358
2.956546 0.338357
0.424063 0.779088
0.776950 0.763169
2.592236 0.883947
2.730871 0.771750
0.862795 0.926039
2.215518 0.833070
0.542068 0.831707
0.008608 0.210863
2.763214 0.710076
0.696041 0.876858
2.639594 0.630028
2.657419 0.653046
0.407893 0.407747
2.499728 0.834687
0.757309 0.967905
0.562438 0.545914
2.994977 0.433540
0.352085 0.547065
2.977350 0.569680
2.835747 0.388614
2.983791 0.855931
0.096965 0.132552
0.640915 0.975145
0.983188 0.904988
3.123407 0.641117
0.871930 0.767410
3.033469 0.407617
2.549456 0.632477
2.420932 0.722494
0.184712 0.502012
0.187682 0.939592
2.530447 0.764464
2.889958 0.293813
0.474128 0.700365
2.553603 0.669387
0.311594 0.767079
0.324133 0.945820
2.781720 0.635192
2.850575 0.302889
0.037206 0.720114
3.054522 0.307935
0.552263 0.970009
0.454489 0.482416
2.879072 0.652027
2.779320 0.937401
2.974069 0.598627
0.561204 0.918934
2.848141 0.481801
3.035447 0.596206
0.469029 0.617393
2.969106 0.287883
0.037935 0.883168
3.129740 0.562685
0.066784 0.473596
1.036622 0.887324
3.021257 0.805191
2.782582 0.973444
2.162856 0.881913
2.378570 0.906306
0.136396 0.299591
2.899706 0.775483
2.955917 0.381788
0.446102 0.826566
2.226045 0.891362
0.143525 0.173717
2.562774 0.556609
0.953657 0.958128
2.651095 0.580043
2.292719 0.864658
1.049536 0.955815
0.270559 0.289655
3.048661 0.788589
0.589314 0.800698
0.399214 0.884462
2.971735 0.470816
2.499484 0.700056
2.589141 0.581015
0.068620 0.615076
0.572643 0.588040
2.978037 0.370064
3.008045 0.181136
0.045498 0.500705
0.147380 0.547412
0.776984 0.870702
0.404337 0.617553
2.771383 0.510140
0.830480 0.903652
0.394254 0.446133
3.097060 0.877127
0.749137 0.864196
0.209804 0.367980
3.090880 0.113094
2.665753 0.865918
2.417904 0.679175
0.435621 0.546033
2.998776 0.930290
2.322067 0.734558
2.411367 0.710283
0.246791 0.314456
2.975354 0.993655
0.118689 0.393878
2.600193 0.571542
1.916054 0.966001
0.370258 0.564300
2.815883 0.856629
0.323903 0.770927
0.363864 0.651345
0.173133 0.378991
0.572691 0.561290
2.969936 0.452641
0.076949 0.236283
2.515307 0.635246
3.136531 0.099442
3.052112 0.351579
2.861704 0.675786
2.159689 0.909340
0.173039 0.742160
2.166290 0.929959
0.021821 0.713636
0.523098 0.745585
2.687446 0.966825
3.000225 0.936636
0.409105 0.926495
0.212190 0.929412
2.635180 0.718224
3.000381 0.800206
2.712059 0.493805
0.212369 0.929499
2.721180 0.643898
2.524549 0.807074
0.548915 0.692937
2.847812 0.293329
2.454561 0.973759
3.129183 0.088964
2.950308 0.944834
1.181189 0.976378
2.782532 0.741923
0.125380 0.689197
0.701002 0.723459
0.212529 0.652986
0.035218 0.973810
2.972989 0.792137
2.976930 0.169143
0.275272 0.943618
2.791265 0.501423
2.853841 0.656337
0.194556 0.794048
0.141736 0.172147
0.137263 0.683327
0.489591 0.714103
2.576682 0.869462
0.338109 0.471711
0.584568 0.862547
2.803771 0.881532
2.826204 0.340733
2.932809 0.775276
0.078034 0.328359
2.513694 0.748366
1.240843 0.985884
0.094670 0.662548
2.827336 0.458576
2.511303 0.763688
2.999886 0.732830
0.945290 0.953010
3.130385 0.200708
3.056119 0.547607
2.262200 0.882434
2.830168 0.830128
0.480425 0.800776
3.112342 0.181403
0.636538 0.851289
2.836319 0.495446
2.776832 0.622789
0.250663 0.802991
0.002801 0.679785
2.799279 0.499286
0.738896 0.711846
2.618246 0.527648
0.022582 0.957978
2.595607 0.797362
0.198580 0.418840
0.498861 0.742095
2.919842 0.474098
2.459085 0.923826
3.101741 0.529569
3.017681 0.550082
2.711797 0.706824
2.399724 0.751138
0.708376 0.826501
0.959851 0.841328
2.796292 0.978069
3.110733 0.066253
3.117612 0.662103
2.986722 0.952910
0.667385 0.813836
3.040729 0.674370
1.337348 0.979404
2.532019 0.730146
0.376325 0.834260
2.473178 0.996003
2.777380 0.446903
1.235569 0.997194
2.292843 0.955848
0.049777 0.176672
2.651473 0.478855
0.246622 0.727971
2.908429 0.936211
0.134446 0.318859
2.932444 0.758986
0.024456 0.772492
2.167210 0.998895
2.894871 0.254389
3.072064 0.503985
0.820228 0.806799
0.810596 0.950597
2.531356 0.751243
2.060833 0.981261
2.263209 0.909786
0.667067 0.930975
2.045993 0.901112
2.281575 0.798705
2.545138 0.965255
0.140341 0.270551
0.357851 0.392470
0.697383 0.781193
0.332207 0.614819
0.385416 0.793181
0.150776 0.401969
2.694994 0.713867
2.897959 0.942300
2.273197 0.996986
0.020337 0.254422
0.608746 0.769267
0.203911 0.506488
0.294970 0.402741
3.035962 0.850160
2.489794 0.868160
0.104484 0.515953
2.839584 0.422242
2.090247 0.905205
2.801964 0.646630
3.127258 0.308411
0.555538 0.568371
0.316245 0.415853
2.886246 0.497820
2.959524 0.758526
0.338478 0.550341
2.666881 0.987709
0.116772 0.159925
1.031733 0.952625
0.088541 0.412118
0.159578 0.576943
2.947792 0.622536
0.711996 0.880319
2.235095 0.817709
2.426625 0.901104
3.018508 0.131048
2.721852 0.734214
0.084051 0.804642
3.040219 0.908234
2.856900 0.911005
3.000199 0.187087
0.022382 0.166353
0.824460 0.779155
0.212854 0.223007
2.859574 0.489084
2.948714 0.543589
1.031544 0.965029
0.050661 0.622127
2.542413 0.918689
0.268080 0.677481
2.829066 0.505380
0.312869 0.580167
0.382004 0.427439
0.353771 0.763059
2.907450 0.280378
0.642434 0.941259
2.835403 0.667937
2.865378 0.711720
0.016114 0.122921
2.589367 0.905301
0.145197 0.604344
0.487926 0.591111
0.233058 0.267369
2.520994 0.921772
0.717604 0.727841
0.316163 0.581150
2.564907 0.686977
2.854170 0.344120
1.127354 0.913294
2.585534 0.694470
2.846270 0.977987
0.897892 0.979856
2.436816 0.763673
0.082154 0.684706
0.014819 0.934322
0.091530 0.363044
2.663016 0.495867
3.040569 0.414153
2.792606 0.873799
2.681983 0.637496
2.291404 0.931369
2.719782 0.721265
0.304805 0.713307
0.682921 0.642588
0.699757 0.725876
0.792833 0.714545
0.284521 0.679737
0.288692 0.303743
0.746622 0.820895
0.739390 0.929854
2.557785 0.868250
2.691801 0.762126
2.629459 0.765842
0.006058 0.101431
2.871847 0.640285
3.012472 0.468695
0.377921 0.555197
0.170354 0.401611
0.164081 0.567638
0.499499 0.888858
0.434803 0.983944
0.041756 0.219666
0.577572 0.971864
2.162863 0.924675
0.676122 0.767132
0.530955 0.570423
3.009248 0.670012
3.130272 0.700840
2.841082 0.476268
2.215004 0.975929
2.900322 0.458060
2.522555 0.632139
3.120987 0.691025
2.396473 0.898218
0.515532 0.580769
2.080440 0.874084
0.663293 0.913472
1.106660 0.933027
0.093708 0.830992
3.105781 0.760137
0.571854 0.726949
2.844227 0.665887
0.093977 0.852437
0.085357 0.833847
2.834506 0.892309
3.032136 0.236261
0.212216 0.907837
2.941812 0.241414
2.578313 0.841703
2.850462 0.505311
2.842924 0.620567
2.261243 0.964548
0.127312 0.906913
2.503907 0.769682
2.738148 0.539431
0.970718 0.985409
0.480143 0.959945
0.213903 0.621497
2.711699 0.787477
0.353655 0.941329
2.664984 0.465804
0.580840 0.696108
2.383724 0.722044
3.053890 0.344731
2.671741 0.743298
2.100908 0.992230
1.819991 0.985102
3.037601 0.466571
2.829782 0.323843
2.937781 0.597802
3.117699 0.589202
0.036313 0.571579
0.386793 0.904137
0.175234 0.942613
2.813961 0.678224
2.902593 0.736505
2.684517 0.528824
2.520958 0.614483
0.497823 0.764674
2.044341 0.962395
2.843262 0.378486
0.107319 0.308224
3.027153 0.888315
2.629827 0.642940
0.198213 0.639431
0.809463 0.835076
2.788730 0.955315
0.049358 0.943920
0.121532 0.619123
2.842348 0.902977
2.956492 0.792361
2.867788 0.873689
2.650332 0.911831
3.134416 0.428847
0.151652 0.732944
0.120448 0.555407
0.687641 0.664407
3.109043 0.277414
0.128725 0.657911
0.109208 0.769684
0.633281 0.619672
3.120652 0.126936
2.762547 0.598869
2.442354 0.919977
0.028056 0.647636
0.304159 0.722977
2.979115 0.873325
0.359973 0.941597
0.001820 0.613541
2.137576 0.937909
0.419254 0.604450
2.889868 0.591351
0.357934 0.920109
0.905406 0.947516
0.677749 0.873518
3.074319 0.557069
0.416239 0.486500
0.286635 0.807905
3.128810 0.314739
2.684411 0.472979
0.203035 0.600445
0.588675 0.834998
0.008620 0.943433
1.155526 0.981005
2.743345 0.483835
3.017324 0.952497
2.474202 0.922824
0.012344 0.483550
1.795142 0.989397
0.307691 0.421045
0.380260 0.892629
0.306058 0.806194
2.487848 0.892728
2.467661 0.850981
0.168795 0.883066
2.429366 0.845106
0.136179 0.683538
2.548886 0.815761
2.808330 0.596688
2.094963 0.947313
0.728301 0.694609
3.077624 0.420277
0.431938 0.944394
0.050684 0.546842
0.277607 0.521278
0.596560 0.576620
3.080867 0.548678
0.001620 0.306227
1.860780 0.962127
0.361842 0.659796
3.034884 0.806554
0.215598 0.499336
0.494679 0.488811
0.774528 0.749368
0.755071 0.997141
2.756490 0.815394
1.121409 0.956171
2.837332 0.471647
2.180101 0.909816
2.683912 0.851043
0.173614 0.956622
0.564613 0.932341
0.003073 0.128767
2.381027 0.780198
2.947526 0.360115
2.931681 0.722115
2.841461 0.746838
0.951122 0.836739
1.988391 0.992544
0.733061 0.935529
0.255973 0.730023
0.284088 0.771823
2.329774 0.782014
2.789442 0.913202
0.066009 0.088200
3.122190 0.315351
0.478654 0.902138
0.362828 0.676328
3.101905 0.869652
2.819540 0.506764
2.903526 0.612119
2.666618 0.662679
0.283981 0.686429
0.103889 0.205315
2.872261 0.578015
2.629391 0.638489
2.769711 0.761106
3.060317 0.785432
2.793001 0.872069
2.837295 0.299668
2.958027 0.623382
0.787482 0.823139
2.895070 0.734690
0.459568 0.736306
0.102537 0.739599
3.020092 0.312293
2.954951 0.864421
3.101027 0.107222
2.895339 0.928634
2.669821 0.508298
2.923708 0.611968
2.564462 0.907465
3.066115 0.229281
2.351365 0.811478
0.267511 0.559074
3.070506 0.882057
0.141135 0.818181
2.078491 0.878112
3.118967 0.746356
0.699113 0.752647
2.662984 0.555045
2.732227 0.853081
2.616111 0.531150
2.297378 0.825476
2.730923 0.501518
2.845196 0.511053
0.064656 0.858114
0.701404 0.662309
2.555986 0.689227
0.783814 0.814897
2.594979 0.773175
0.163602 0.981901
2.961218 0.865310
0.678196 0.920385
3.029405 0.972377
2.771063 0.516608
0.811920 0.957848
2.586205 0.890008
0.036054 0.393145
0.638163 0.994861
3.082975 0.084899
2.729130 0.801710
0.008796 0.198548
3.071105 0.352636
0.746368 0.787949
2.910339 0.963660
0.690988 0.881065
2.751927 0.660970
0.782606 0.855174
0.653646 0.616209
0.046152 0.874877
0.240679 0.791071
0.500766 0.553968
3.051892 0.414132
2.764858 0.922657
3.024544 0.403570
1.122874 0.948153
0.375596 0.413132
0.290346 0.677793
2.378109 0.851868
0.141833 0.168060
0.437527 0.477282
2.923456 0.231126
0.488029 0.576895
2.996613 0.289039
2.553427 0.689571
3.077128 0.586282
0.326658 0.548377
2.449102 0.969838
0.188033 0.947514
0.202891 0.886031
3.102074 0.196001
0.132462 0.332001
0.878843 0.981327
0.361548 0.516068
3.123144 0.446073
0.724943 0.883310
0.329768 0.499305
0.172554 0.612148
0.183848 0.500727
0.347224 0.612217
0.394580 0.507802
0.506967 0.661627
0.702362 0.685040
0.072544 0.714165
2.816656 0.635661
0.798723 0.729747
0.129612 0.460871
0.463834 0.607509
2.753612 0.959729
2.348743 0.897397
2.460112 0.658476
2.906618 0.521826
0.381205 0.550814
0.549129 0.653241
0.473269 0.817924
0.026385 0.897923
2.974189 0.992042
0.385149 0.496726
3.107600 0.147083
0.194777 0.766964
3.030990 0.783415
0.009566 0.895950
3.114624 0.125045
0.143521 0.174383
2.233324 0.925030
0.580477 0.887082
0.424333 0.536666
2.993484 0.549702
0.221381 0.944253
1.095802 0.890080
2.975955 0.774243
2.211261 0.972066
3.075397 0.747243
0.533050 0.914451
2.942729 0.863505
0.231234 0.883938
0.050337 0.299073
2.994202 0.684146
0.179445 0.656841
2.917113 0.896692
3.062534 0.122968
0.118517 0.406749
2.859564 0.974098
0.849757 0.983508
2.695744 0.908002
0.124144 0.214105
2.645433 0.967734
0.348968 0.488421
0.321611 0.403219
0.554340 0.587212
0.795047 0.734082
2.978870 0.693123
0.571155 0.601938
0.816901 0.934350
2.622137 0.688185
0.768157 0.936686
0.288062 0.677161
0.464141 0.933700
0.304118 0.591876
2.809692 0.785974
2.994051 0.752778
0.105608 0.649336
2.999452 0.317840
0.391060 0.588405
0.129221 0.146342
0.680256 0.958241
2.586375 0.859338
1.335871 0.978614
1.998385 0.911203
2.814580 0.636867
2.607528 0.936702
0.234268 0.952143
0.134948 0.139440
0.105305 0.410738
0.799842 0.731179
0.873230 0.890350
2.018458 0.985257
0.716672 0.697212
2.040359 0.964582
0.327690 0.509239
0.323674 0.652695
0.795355 0.836309
3.125615 0.182802
2.916368 0.272640
0.230741 0.570667
2.853939 0.379390
2.485977 0.710676
0.963727 0.851991
3.002945 0.439444
2.232904 0.954991
0.188690 0.495106
0.175682 0.315298
2.917358 0.518949
2.264359 0.881454
2.863415 0.357139
2.737334 0.977866
3.131730 0.401790
2.566034 0.637196
2.507004 0.901092
0.042211 0.561605
0.145977 0.156624
0.242012 0.418337
2.699201 0.903840
2.847381 0.819132
3.065452 0.661519
0.130107 0.255076
2.634949 0.895505
2.043725 0.915420
0.644821 0.933452
2.817173 0.478331
3.048648 0.863845
0.199545 0.207230
2.863851 0.302351
2.548312 0.637754
3.013338 0.298882
0.512060 0.557749
2.878495 0.999069
0.611535 0.773548
0.142005 0.722860
0.559510 0.637854
0.249413 0.604231
0.413602 0.670596
3.078318 0.851786
0.251173 0.424953
1.908630 0.978931
3.141084 0.248002
2.030425 0.953007
2.690725 0.626044
2.528525 0.980767
2.519783 0.884450
2.877755 0.537271
0.296777 0.716053
2.625493 0.785684
0.339882 0.543483
0.131764 0.909913
0.114881 0.222059
0.941489 0.907338
2.908960 0.563326
0.142910 0.787891
0.198864 0.759308
0.159982 0.170440
0.599606 0.758361
3.080101 0.436267
0.661605 0.676064
2.855575 0.622170
0.015147 0.351648
0.774405 0.950193
1.820447 0.987330
2.804832 0.984658
0.935351 0.918391
2.690665 0.543769
0.104549 0.983951
2.652119 0.551757
2.988894 0.484446
2.894547 0.807799
0.089609 0.789922
2.762767 0.715048
3.082594 0.868534
0.410807 0.896621
3.137105 0.259781
2.792665 0.428750
0.290106 0.502671
2.552553 0.688298
2.441763 0.969083
2.919790 0.621312
0.125413 0.436419
2.857186 0.729167
0.276647 0.721885
2.061556 0.964047
2.177071 0.991623
2.720110 0.583998
0.204165 0.877615
0.462962 0.974132
0.314427 0.386985
2.821735 0.352658
2.512497 0.990088
2.186567 0.829537
2.085659 0.991836
0.481422 0.688774
0.612497 0.780918
0.615796 0.994397
2.422416 0.905059
2.685781 0.887361
3.090931 0.682285
0.366839 0.871372
2.845439 0.574937
2.726174 0.473838
2.830654 0.492940
0.006688 0.147218
2.137149 0.856675
0.109597 0.664042
0.724544 0.748493
0.366741 0.605322
2.920040 0.680532
0.050035 0.703884
2.812148 0.620649
2.473178 0.985352
2.915375 0.358026
2.496330 0.773078
0.747266 0.723996
0.443158 0.469223
0.822181 0.932658
3.102371 0.436783
0.207428 0.644134
0.217956 0.860270
0.774823 0.725054
1.068945 0.889971
0.296557 0.733238
0.094892 0.397766
0.340320 0.500367
0.517798 0.774964
0.265542 0.833924
2.274460 0.968877
2.919662 0.818004
2.206056 0.959231
0.678644 0.633840
0.423774 0.672160
0.023824 0.506079
0.200032 0.936602
2.814447 0.539852
0.841450 0.765934
0.495351 0.585121
3.098471 0.417557
1.022770 0.931519
2.679781 0.753834
0.048655 0.360391
2.986303 0.580708
2.864196 0.815415
0.014685 0.787758
2.673501 0.733152
0.064047 0.999301
2.252296 0.852959
0.146289 0.836065
2.953092 0.303987
0.701037 0.792933
0.182592 0.238073
0.482529 0.806520
2.607207 0.576625
0.418925 0.780400
1.872210 0.958822
1.047833 0.919936
0.021670 0.422094
3.028388 0.354243
0.252592 0.877132
0.648684 0.858686
2.345849 0.834288
2.720648 0.451882
2.745802 0.983513
0.145211 0.918043
0.412921 0.671274
0.120216 0.754636
0.173284 0.183822
0.077999 0.415939
0.243359 0.574211
1.127836 0.916484
3.088104 0.595265
3.103365 0.241399
2.526213 0.660157
0.171152 0.992150
2.380170 0.899161
0.270528 0.834724
0.256739 0.882504
3.055738 0.885486
2.757297 0.386767
0.509705 0.939180
0.882862 0.787605
3.117438 0.992319
1.058188 0.907017
2.619382 0.533835
2.995805 0.646193
2.919326 0.506468
0.443151 0.869475
2.564897 0.660591
3.031763 0.273119
0.183254 0.447351
2.801913 0.394652
0.038900 0.048989
0.618662 0.971902
3.034136 0.917481
2.472507 0.715849
2.410342 0.751985
3.106948 0.825193
0.627030 0.880811
0.132065 0.231913
0.016606 0.528174
0.399255 0.510707
0.703218 0.935809
0.004955 0.123070
0.134096 0.788215
2.635705 0.809541
2.226735 0.854579
0.272639 0.895927
1.211445 0.986238
2.918593 0.295069
0.260585 0.933963
2.890506 0.414694
0.636726 0.719576
2.932817 0.837156
0.230711 0.847121
0.178711 0.955902
0.637002 0.976636
0.378756 0.721099
3.090006 0.386998
2.772657 0.426156
0.215750 0.845295
0.296165 0.461033
0.739389 0.830759
0.012174 0.388615
2.759561 0.987132
2.436882 0.992338
0.703906 0.931119
1.134045 0.983804
0.551821 0.535723
2.973349 0.942580
0.013256 0.254025
0.582460 0.621299
0.476216 0.465804
0.184638 0.512089
0.059536 0.964217
0.463507 0.628705
2.534779 0.732761
0.023731 0.086151
2.188842 0.858764
3.065839 0.755106
3.124615 0.513110
0.446385 0.999614
0.123501 0.934136
0.077986 0.714347
2.687386 0.920766
0.043395 0.762535
0.126301 0.213134
1.145302 0.920610
2.643418 0.916468
0.161136 0.517247
2.621881 0.866112
0.580467 0.874415
0.177277 0.291995
0.224135 0.344255
2.976418 0.221221
2.577510 0.998396
0.048298 0.536439
2.602772 0.627628
0.075575 0.488417
3.137452 0.387059
2.977193 0.352848
0.191111 0.287189
2.759287 0.447976
2.739286 0.698690
2.812305 0.403570
0.775723 0.905361
3.039519 0.364267
0.713110 0.817248
0.694501 0.726424
2.406248 0.884307
0.528219 0.633390
0.559217 0.975609
0.345408 0.878049
3.141416 0.653233
2.220249 0.869063
2.915120 0.894195
0.179822 0.948076
0.228863 0.265990
3.070138 0.790583
0.287013 0.339968
2.020863 0.908829
2.839577 0.976674
2.875490 0.505916
2.657578 0.599106
2.844110 0.883357
0.409638 0.865098
1.994339 0.964818
0.221767 0.894179
0.540995 0.974130
2.735993 0.528465
2.686875 0.638110
2.560845 0.770483
0.453327 0.508523
2.440682 0.989910
0.339020 0.946786
0.060736 0.420637
0.358882 0.478160
0.048856 0.841731
2.643502 0.873656
3.054209 0.127137
0.061518 0.086130
0.850147 0.977637
0.401291 0.981567
3.091921 0.205935
0.164275 0.426530
3.032838 0.808351
2.594678 0.635454
0.023837 0.228029
0.740608 0.743520
2.430633 0.831934
0.812732 0.734606
0.393777 0.911414
2.909965 0.627590
2.906165 0.463548
2.669089 0.649335
0.175053 0.817040
2.840035 0.694271
2.644762 0.608386
0.240254 0.344384
2.893955 0.764583
0.136184 0.216632
2.763232 0.567315
2.421072 0.729075
0.167388 0.516777
2.632484 0.956960
0.367900 0.413172
2.926460 0.779223
2.311770 0.773303
0.322923 0.436480
2.283341 0.870920
3.141321 0.658223
2.798674 0.662430
2.558964 0.729914
0.819163 0.967836
2.125824 0.872104
0.041613 0.403291
0.194189 0.393168
0.489268 0.932461
0.094157 0.969954
2.081249 0.962530
0.481902 0.500186
0.017533 0.475558
2.508763 0.746665
2.625768 0.939872
0.678823 0.711461
2.800399 0.937953
3.088703 0.420146
0.014986 0.724371
0.594869 0.562790
0.862310 0.785994
2.585992 0.844188
2.984328 0.988019
0.099318 0.812759
0.057165 0.434990
3.134619 0.068393
0.128496 0.610859
0.272243 0.656523
2.841162 0.949672
0.400336 0.516238
0.697277 0.981540
2.369474 0.955003
2.616391 0.545290
2.849242 0.758189
0.238522 0.482510
3.069971 0.668424
2.042271 0.907147
0.484339 0.727761
0.380451 0.663689
0.111063 0.953591
0.785031 0.739697
2.791498 0.902082
3.005456 0.620946
2.920511 0.497923
0.810348 0.906800
0.332951 0.816310
2.900668 0.579116
3.060012 0.641907
2.739482 0.769390
0.117564 0.285552
0.702345 0.863568
2.405596 0.716346
0.673932 0.990494
0.619464 0.719047
3.039052 0.740997
0.496330 0.890637
0.072930 0.294137
0.603643 0.894867
0.200512 0.990352
0.475542 0.615813
2.824398 0.342988
0.199392 0.609244
0.659042 0.709825
0.765641 0.944452
0.450714 0.439088
0.015836 0.115416
0.300219 0.369501
0.843463 0.852516
0.110520 0.129283
3.089238 0.244401
2.870465 0.835577
0.237208 0.774211
2.013322 0.930659
0.933083 0.821130
2.649326 0.984299
0.365584 0.367076
2.717581 0.541922
0.460740 0.681396
3.030867 0.443172
2.769369 0.391551
2.406315 0.724737
0.265915 0.324931
3.050545 0.200439
2.478724 0.864215
2.662320 0.569217
2.661441 0.746866
2.913935 0.978278
0.350720 0.418469
0.981213 0.940915
3.050605 0.617714
2.809716 0.853114
3.045917 0.927796
2.874051 0.466562
0.038374 0.768849
2.504862 0.616813
0.714974 0.712615
2.986546 0.400949
3.102484 0.920167
1.033454 0.902359
0.036863 0.716387
2.991583 0.247561
0.240618 0.315500
2.848033 0.913936
0.152912 0.592485
2.947746 0.899382
2.793704 0.463042
2.902804 0.664665
2.975639 0.426027
0.294659 0.312127
2.907725 0.844286
3.035846 0.872692
0.849944 0.784158
0.819667 0.875913
3.073754 0.153643
2.506712 0.718867
0.303650 0.299237
0.363294 0.497575
2.803570 0.677521
0.045730 0.976005
0.484064 0.833039
2.309009 0.844640
3.005604 0.481039
3.043356 0.855025
3.133026 0.443868
0.083033 0.843195
2.656489 0.469199
2.928562 0.725176
2.583480 0.957619
0.453211 0.549697
3.121382 0.545566
3.092777 0.839102
0.047373 0.916625
0.379294 0.866077
3.131987 0.569906
1.912852 0.982744
0.453622 0.602320
0.093589 0.908238
0.488673 0.486188
3.014550 0.362610
0.037962 0.742564
0.383088 0.759605
0.384828 0.829781
0.041443 0.514445
2.925472 0.594411
0.198280 0.390075
2.857470 0.652254
0.378262 0.513857
0.859832 0.774607
2.859322 0.956621
0.243032 0.725219
3.026696 0.689203
3.126602 0.709034
2.531441 0.608582
2.671657 0.595259
0.160114 0.173362
3.113126 0.655052
0.212237 0.688738
0.267252 0.290238
3.077027 0.112985
0.005220 0.733477
0.388333 0.807065
0.127840 0.133786
2.478416 0.875023
2.929227 0.400510
0.737725 0.999641
0.281292 0.319359
3.055718 0.660979
0.165456 0.974000
2.454007 0.736515
2.918427 0.661211
3.135225 0.294730
0.534125 0.624915
2.273827 0.914435
0.578101 0.803565
0.511918 0.655150
2.414858 0.943747
0.160024 0.805906
0.595905 0.992640
0.178769 0.913118
2.849752 0.540178
0.014705 0.090830
2.169720 0.884282
0.407203 0.933998
2.259362 0.797098
2.581406 0.696812
0.311521 0.825994
0.146670 0.478187
0.157620 0.542705
0.107365 0.685079
1.165917 0.995478
0.900865 0.799936
2.871901 0.386771
2.445390 0.735757
0.263500 0.877195
0.200704 0.778838
0.276719 0.704826
0.171575 0.376549
0.019125 0.100842
0.184457 0.740521
2.988075 0.818842
0.019637 0.680521
2.508915 0.951399
0.177435 0.785682
0.054978 0.552715
0.223165 0.320016
0.066049 0.407607
1.029168 0.963263
2.751070 0.730389
2.635153 0.895727
0.102684 0.234243
2.589844 0.742835
2.909981 0.841504
0.167047 0.405607
2.431495 0.709111
0.024083 0.146976
2.756445 0.838274
0.333683 0.511165
0.767367 0.831792
0.019850 0.179951
2.720665 0.823580
0.038200 0.615647
3.043911 0.792921
3.074830 0.553810
0.205059 0.845213
2.499618 0.611888
0.297333 0.379295
3.048481 0.410060
0.704455 0.816127
0.393957 0.993292
3.028724 0.731008
2.851704 0.759649
0.437368 0.780381
0.230468 0.821701
3.127039 0.301511
0.208698 0.961658
3.000107 0.193445
2.897452 0.862646
2.994282 0.265158
0.144021 0.583299
0.145925 0.755044
2.631951 0.919576
0.236713 0.349234
0.378458 0.659932
2.814696 0.771346
0.241463 0.582331
2.797878 0.653311
2.143282 0.887045
3.064339 0.992042
0.137432 0.429044
2.051023 0.941233
0.014685 0.939368
2.239453 0.920819
2.616179 0.877676
0.890809 0.876144
0.964283 0.957110
0.789852 0.837604
2.707410 0.810390
0.163452 0.256060
0.340381 0.434800
1.176108 0.942574
0.250803 0.972605
0.323719 0.344174
1.131505 0.999902
2.852849 0.374340
0.549028 0.933733
2.324861 0.867680
2.725723 0.987480
0.459229 0.888671
2.923288 0.825101
0.479753 0.531556
2.510156 0.976633
0.015968 0.259343
0.541222 0.959400
2.947067 0.793985
2.421196 0.777028
2.695581 0.469482
0.101397 0.452853
3.026647 0.460265
0.891163 0.915928
2.388273 0.721253
2.895926 0.507705
0.232732 0.630395
2.102198 0.891320
0.136480 0.967039
2.837080 0.326576
2.774039 0.452281
2.946716 0.643101
2.807272 0.896405
