0.588711 0.447928
0.691437 0.082214
0.691548 0.165130
0.275888 0.492376
0.872528 0.509979
0.023409 0.099581
0.885249 0.361110
0.649168 0.709921
0.625506 0.692320
0.462889 0.437137
0.460126 0.227915
0.719264 0.336985
0.564710 0.102583
0.100919 0.618067
0.651458 0.179556
0.248846 0.185319
0.039582 0.727026
0.368973 0.564964
0.198958 0.498120
0.502433 0.054616
0.310002 0.405898
0.201365 0.150515
0.990881 0.710516
0.112458 0.515292
0.744024 0.480090
0.181546 0.170107
0.868489 0.752615
0.639056 0.361900
0.033201 0.617941
0.231862 0.571622
0.970706 0.400844
0.922827 0.007777
0.418991 0.243501
0.739417 0.515763
0.934662 0.201675
0.687435 0.204031
0.765692 0.742559
0.438915 0.632676
0.737333 0.460016
0.372960 0.402226
0.124720 0.462639
0.684508 0.829985
0.453315 0.270097
0.425408 0.405708
0.062538 0.548688
0.169174 0.026999
0.135977 0.076200
0.042531 0.463026
0.382802 0.653087
0.170917 0.264990
0.022798 0.717064
0.561128 0.658564
0.745153 0.835708
0.544063 0.403171
0.549416 0.766191
0.962844 0.562811
0.469529 0.541221
0.665345 0.771065
0.969915 0.075154
0.407360 0.026338
0.746021 0.481084
0.064698 0.736864
0.666536 0.088113
0.434967 0.040476
0.886177 0.505660
0.365803 0.759452
0.462236 0.774488
0.695464 0.172819
0.924974 0.199730
0.688876 0.396392
0.155550 0.544878
0.147527 0.521732
0.299072 0.678980
0.545922 0.224398
0.901623 0.796553
0.300441 0.541466
0.527816 0.304073
0.528644 0.161903
0.469367 0.805201
0.242691 0.296876
0.567494 0.507845
0.263518 0.024058
0.533425 0.801326
0.236120 0.383001
0.197509 0.772868
0.931790 0.293958
0.575716 0.065578
0.975137 0.730826
0.890188 0.435470
0.142775 0.662183
0.473341 0.369451
0.439456 0.000132
0.805354 0.808961
0.194510 0.229200
0.929711 0.364413
0.629265 0.415495
0.043694 0.745894
0.525936 0.481573
0.849765 0.636430
0.034517 0.038748
0.685052 0.807459
0.398333 0.217516
0.044624 0.311886
0.134556 0.781087
0.893529 0.230547
0.725623 0.306360
0.717547 0.137391
0.367027 0.437012
0.132180 0.468526
0.796622 0.050986
0.995737 0.356906
0.558095 0.032282
0.317671 0.069746
0.614549 0.139807
0.844086 0.543536
0.213711 0.443636
0.613374 0.512437
0.788906 0.551038
0.983514 0.774028
0.590809 0.735876
0.198792 0.264963
0.243913 0.768045
0.480511 0.511510
0.438240 0.512981
0.170478 0.196444
0.672581 0.138781
0.659750 0.192928
0.204646 0.819354
0.313707 0.686445
0.143857 0.131706
0.466262 0.298677
0.685932 0.066054
0.966612 0.398024
0.735633 0.797266
0.397299 0.273372
0.827169 0.499037
0.641874 0.058869
0.510430 0.101964
0.680023 0.795203
0.733076 0.712740
0.182532 0.339912
0.015715 0.705837
0.635333 0.183424
0.817703 0.795514
0.037557 0.806031
0.105834 0.421529
0.317128 0.663403
0.581456 0.237502
0.265603 0.265515
0.233866 0.555158
0.642532 0.050429
0.256994 0.238061
0.131117 0.642957
0.405791 0.679677
0.714095 0.115808
0.659639 0.751487
0.543524 0.565618
0.736910 0.149400
0.892716 0.465035
0.126898 0.779750
0.515173 0.193815
0.432093 0.697453
0.022497 0.010541
0.115041 0.240324
0.329639 0.291402
0.948003 0.814943
0.407942 0.171357
0.255576 0.451129
0.970421 0.553868
0.348198 0.574153
0.798233 0.005743
0.580143 0.286237
0.681192 0.265484
0.519615 0.481243
0.870665 0.541391
0.503181 0.323264
0.876245 0.783951
0.217139 0.753264
0.946824 0.277352
0.184842 0.231388
0.678087 0.110750
0.247633 0.071425
0.336842 0.421015
0.623088 0.257261
0.162575 0.814200
0.990778 0.805399
0.977122 0.478734
0.301566 0.552144
0.886974 0.688112
0.232221 0.635577
0.465695 0.616058
0.143477 0.286389
0.668677 0.301237
0.239682 0.516181
0.689796 0.354920
0.890963 0.308182
0.555369 0.115580
0.452913 0.747777
0.639804 0.063000
0.198474 0.672318
0.046286 0.158132
0.761187 0.018823
0.759173 0.051872
0.680721 0.541924
0.881934 0.765192
0.403786 0.291168
0.646345 0.458021
0.688568 0.263778
0.904878 0.778050
0.929522 0.498687
0.350774 0.688368
0.961558 0.759481
0.958081 0.347316
0.796354 0.501383
0.489472 0.833976
0.399264 0.448356
0.183080 0.133938
0.557165 0.789813
0.222203 0.198985
0.587400 0.086635
0.149829 0.830916
0.450765 0.667107
0.536448 0.116200
0.110196 0.369874
0.066583 0.032524
0.036001 0.348900
0.859204 0.836270
0.321501 0.685680
0.411031 0.098158
0.415170 0.754742
0.111682 0.682444
0.434260 0.245920
0.972884 0.831117
0.235015 0.163033
0.228312 0.689149
0.298224 0.315959
0.811601 0.627471
0.172315 0.291521
0.886323 0.235630
0.788375 0.798761
0.320230 0.690796
0.368263 0.149885
0.819935 0.577722
0.995719 0.193171
0.805619 0.344307
0.130468 0.768853
0.224323 0.472691
0.210063 0.164814
0.554153 0.372186
0.391294 0.655590
0.265493 0.577515
0.158606 0.063919
0.436508 0.276294
0.424142 0.270338
0.610433 0.177675
0.274737 0.780077
0.035893 0.538440
0.109097 0.717216
0.330764 0.087206
0.085793 0.113722
0.514707 0.179979
0.052684 0.619105
0.777988 0.219028
0.934237 0.278159
0.704826 0.272606
0.113606 0.813388
0.014049 0.226978
0.046413 0.376788
0.600133 0.393587
0.771387 0.176035
0.681073 0.037904
0.140229 0.600571
0.687124 0.207754
0.570794 0.014186
0.352143 0.549853
0.153271 0.726474
0.869848 0.171322
0.603879 0.543343
0.465702 0.451178
0.978977 0.142404
0.862647 0.076930
0.139847 0.734745
0.362795 0.154779
0.325252 0.807180
0.653816 0.080337
0.172494 0.280467
0.141763 0.261007
0.050854 0.694586
0.559049 0.520505
0.844776 0.763722
0.276235 0.836679
0.776042 0.121869
0.202002 0.318294
0.792919 0.559191
0.917038 0.647553
0.836232 0.654095
0.863479 0.818227
0.655380 0.189230
0.160340 0.822052
0.188202 0.682211
0.076272 0.301304
0.148044 0.181470
0.670418 0.165395
0.044923 0.191912
0.817547 0.745667
0.139659 0.077936
0.885745 0.767509
0.238864 0.072867
0.294622 0.025857
0.753451 0.176954
0.802679 0.494494
0.990344 0.558733
0.564762 0.541569
0.891432 0.607406
0.625358 0.066053
0.537257 0.587689
0.438330 0.573973
0.916666 0.090508
0.881200 0.806055
0.337215 0.586107
0.849288 0.398894
0.791528 0.616588
0.390574 0.024689
0.821780 0.573885
0.061175 0.482354
0.894857 0.723957
0.164913 0.742729
0.529011 0.611248
0.530926 0.352333
0.452777 0.130438
0.499078 0.829949
0.855913 0.785743
0.673336 0.648127
0.045155 0.464970
0.733168 0.319511
0.253282 0.488423
0.856243 0.036801
0.317489 0.206487
0.074203 0.116146
0.930014 0.112037
0.713499 0.692052
0.996231 0.736422
0.710072 0.440504
0.606088 0.201663
0.944685 0.048622
0.396282 0.372040
0.047900 0.211072
0.380170 0.604351
0.024774 0.355707
0.274771 0.635195
0.804695 0.442026
0.339398 0.554526
0.570864 0.550281
0.906756 0.540349
0.794155 0.702272
0.777444 0.425726
0.661642 0.649255
0.385067 0.311500
0.298917 0.831156
0.611713 0.203851
0.049021 0.005878
0.686365 0.079759
0.259190 0.055067
0.815156 0.236926
0.489861 0.074723
0.039907 0.246666
0.615981 0.317038
0.954495 0.156160
0.034192 0.722842
0.829912 0.694354
0.698022 0.509502
0.335002 0.301374
0.381031 0.603371
0.730378 0.569659
0.709225 0.286608
0.921550 0.635450
0.349086 0.509972
0.852166 0.509435
0.673450 0.559890
0.889241 0.136385
0.756250 0.779054
0.456867 0.311934
0.306454 0.344814
0.558076 0.284554
0.272613 0.325174
0.166994 0.813913
0.994345 0.420131
0.329299 0.314576
0.220066 0.049304
0.054324 0.779174
0.400768 0.818316
0.685537 0.628398
0.582789 0.450975
0.356130 0.214469
0.205026 0.205338
0.418550 0.806049
0.173520 0.733905
0.332506 0.401626
0.285779 0.746648
0.817620 0.467519
0.277570 0.825660
0.527027 0.227641
0.484611 0.717863
0.646291 0.590437
0.914002 0.587024
0.631968 0.263651
0.674489 0.265949
0.063623 0.215342
0.854208 0.351025
0.512516 0.048932
0.663125 0.780665
0.019510 0.701326
0.804483 0.294107
0.314618 0.075004
0.240598 0.110276
0.646654 0.433720
0.115853 0.145098
0.788083 0.502870
0.029005 0.364150
0.303141 0.790699
0.133988 0.784062
0.256776 0.677657
0.251614 0.267541
0.064754 0.088079
0.737153 0.483382
0.164056 0.335500
0.506336 0.152564
0.235922 0.260332
0.532581 0.460921
0.400081 0.647998
0.680779 0.038430
0.289347 0.667704
0.219415 0.064222
0.395095 0.207059
0.510804 0.585025
0.189427 0.540118
0.631344 0.373250
0.451268 0.740241
0.763603 0.431917
0.986780 0.419930
0.091292 0.125902
0.900034 0.500488
0.332402 0.113399
0.906448 0.725137
0.684496 0.256727
0.636162 0.306089
0.352265 0.775996
0.160906 0.478684
0.001939 0.465510
0.817100 0.429161
0.252237 0.004644
0.155534 0.740765
0.450731 0.508197
0.764540 0.179258
0.120825 0.630470
0.714091 0.176555
0.901155 0.515189
0.806746 0.195410
0.749081 0.598435
0.097540 0.363481
0.019724 0.614826
0.797852 0.310890
0.657211 0.803934
0.940668 0.552183
0.512759 0.635889
0.169893 0.641122
0.763296 0.271766
0.646578 0.179000
0.929230 0.344609
0.427361 0.041219
0.162437 0.118017
0.260173 0.052595
0.754577 0.055389
0.296150 0.422367
0.779113 0.329125
0.936234 0.669558
0.125392 0.615989
0.168826 0.655916
0.691844 0.091165
0.439753 0.171081
0.866263 0.510586
0.967600 0.528159
0.932073 0.515234
0.842586 0.722886
0.025296 0.225988
0.910359 0.156065
0.410399 0.142452
0.249325 0.137784
0.236450 0.456665
0.667633 0.012237
0.936165 0.506571
0.812401 0.050884
0.337953 0.822814
0.842159 0.024197
0.089722 0.236041
0.233400 0.801604
0.889558 0.168053
0.584545 0.689551
0.814177 0.358064
0.682935 0.703702
0.696078 0.497686
0.025206 0.088629
0.762825 0.228999
0.270453 0.837979
0.817006 0.786564
0.013839 0.632026
0.540954 0.692583
0.813728 0.736837
0.805467 0.550281
0.906704 0.750519
0.936798 0.116884
0.849175 0.693521
0.340103 0.363601
0.647987 0.128796
0.859851 0.277223
0.991753 0.466289
0.923216 0.013409
0.661406 0.575619
0.289490 0.781331
0.684316 0.088645
0.867946 0.584957
0.858667 0.342745
0.522395 0.564152
0.286807 0.274652
0.328281 0.161760
0.222052 0.221898
0.332614 0.059010
0.091436 0.563582
0.503948 0.619633
0.824996 0.304848
0.069345 0.685448
0.918727 0.832337
0.832707 0.486627
0.677602 0.101838
0.510992 0.303268
0.227693 0.317569
0.059073 0.071726
0.786837 0.486909
0.757755 0.061041
0.907331 0.071454
0.266154 0.107876
0.350117 0.501446
0.199611 0.369342
0.269484 0.589498
0.178975 0.078549
0.066357 0.206975
0.910229 0.826054
0.238881 0.623426
0.564216 0.768411
0.864134 0.062355
0.277401 0.076319
0.453145 0.281048
0.177187 0.200810
0.914943 0.783922
0.312627 0.690091
0.019979 0.484651
0.950657 0.309300
0.175549 0.125425
0.808648 0.372267
0.851826 0.828189
0.537514 0.769840
0.233944 0.375384
0.901267 0.395619
0.190680 0.390290
0.387307 0.045218
0.539691 0.556853
0.145640 0.832569
0.998183 0.269921
0.231819 0.767398
0.255770 0.456375
0.735399 0.230313
0.121227 0.576358
0.642845 0.248004
0.835324 0.379013
0.738810 0.577278
0.438117 0.231638
0.604334 0.563742
0.723067 0.424535
0.142885 0.767079
0.970083 0.444384
0.966561 0.428047
0.192901 0.093556
0.501611 0.159923
0.433028 0.615373
0.104210 0.577823
0.275875 0.704705
0.961547 0.332411
0.524666 0.507651
0.690879 0.302029
0.055885 0.360669
0.047141 0.413936
0.705013 0.546422
0.164063 0.359315
0.156075 0.256562
0.340828 0.105299
0.834141 0.257774
0.634932 0.021911
0.418589 0.114036
0.217127 0.714808
0.867972 0.268668
0.538415 0.120182
0.158946 0.419791
0.538950 0.573460
0.104353 0.192521
0.042602 0.133131
0.658518 0.073821
0.651241 0.305008
0.738217 0.684256
0.790612 0.750711
0.120252 0.109743
0.019450 0.801277
0.437828 0.548869
0.979437 0.718846
0.788926 0.164534
0.706034 0.551826
0.515901 0.204821
0.799746 0.566086
0.743410 0.284114
0.356460 0.711566
0.567525 0.334060
0.006002 0.189336
0.485805 0.551275
0.588575 0.187635
0.470547 0.318180
0.117315 0.495374
0.509627 0.113382
0.543193 0.795439
0.788148 0.438862
0.801872 0.484667
0.718193 0.426475
0.233971 0.196109
0.751356 0.027526
0.906941 0.415420
0.371413 0.220765
0.341530 0.788274
0.660463 0.290706
0.163982 0.122218
0.002775 0.631465
0.369290 0.396536
0.130744 0.407712
0.062120 0.537079
0.620369 0.507584
0.585825 0.342856
0.126942 0.325339
0.984590 0.709354
0.894603 0.183041
0.078229 0.542623
0.251279 0.827170
0.140725 0.522206
0.247571 0.404052
0.559630 0.762272
0.826787 0.607113
0.053301 0.696251
0.474169 0.353855
0.300882 0.507248
0.906195 0.303722
0.243283 0.442173
0.965315 0.695870
0.934081 0.076777
0.215805 0.772064
0.935392 0.092048
0.137233 0.010618
0.755367 0.325183
0.996790 0.752226
0.009203 0.204747
0.376347 0.476893
0.151395 0.170061
0.290446 0.170534
0.031694 0.641610
0.624286 0.278124
0.367527 0.445468
0.692579 0.512209
0.057045 0.552664
0.437917 0.832181
0.749151 0.548313
0.908798 0.575084
0.762130 0.037886
0.697163 0.434544
0.432543 0.583002
0.412589 0.369971
0.937315 0.662072
0.008579 0.073792
0.990068 0.249896
0.291405 0.017468
0.061639 0.768715
0.352340 0.359388
0.445172 0.036950
0.037976 0.420847
0.701813 0.398701
0.491344 0.378568
0.127616 0.335810
0.135507 0.746886
0.445174 0.698867
0.406243 0.736766
0.525623 0.687224
0.317462 0.388642
0.605767 0.272626
0.550648 0.500452
0.622066 0.706761
0.616598 0.573539
0.755743 0.813513
0.110872 0.168194
0.012856 0.123548
0.701132 0.599589
0.621742 0.161095
0.164633 0.628774
0.591619 0.250833
0.637104 0.030113
0.130809 0.035627
0.912509 0.550593
0.860178 0.192640
0.118371 0.391171
0.554012 0.561182
0.061780 0.147299
0.509071 0.569056
0.857784 0.221955
0.645315 0.813276
0.464730 0.552056
0.115505 0.138703
0.370841 0.618585
0.357339 0.448827
0.484606 0.796703
0.832613 0.101556
0.983750 0.808873
0.164056 0.753207
0.617855 0.019547
0.126229 0.617726
0.489179 0.570624
0.403245 0.461855
0.854320 0.765876
0.227336 0.598273
0.176131 0.732505
0.679761 0.537492
0.528823 0.667398
0.804723 0.755231
0.530514 0.135506
0.433138 0.011879
0.110019 0.222743
0.135829 0.078049
0.228174 0.250619
0.989027 0.710106
0.322119 0.096127
0.580255 0.680885
0.793497 0.825765
0.360256 0.544187
0.893817 0.492675
0.359922 0.058008
0.458243 0.032546
0.708809 0.828765
0.832950 0.431208
0.884731 0.304951
0.674593 0.266591
0.377583 0.658434
0.582619 0.430266
0.876380 0.680461
0.810297 0.727251
0.654822 0.110563
0.979663 0.196936
0.941712 0.649641
0.217578 0.253213
0.420978 0.092878
0.887560 0.655311
0.180342 0.290093
0.818584 0.746386
0.331869 0.547313
0.401683 0.181391
0.014998 0.063332
0.533468 0.328607
0.858887 0.096827
0.902993 0.617761
0.924881 0.599270
0.600674 0.486879
0.844705 0.487413
0.813780 0.660794
0.353497 0.025540
0.088385 0.649905
0.141752 0.819408
0.553375 0.269304
0.320747 0.312098
0.209245 0.547383
0.023493 0.512309
0.867217 0.030701
0.685203 0.336267
0.428072 0.456918
0.515773 0.277693
0.279358 0.369893
0.044354 0.738714
0.020356 0.746308
0.459369 0.700100
0.674476 0.682205
0.863493 0.640134
0.585340 0.003571
0.736805 0.115863
0.325339 0.047579
0.509673 0.448078
0.708168 0.446885
0.143512 0.483247
0.568657 0.695539
0.975070 0.836894
0.371805 0.412119
0.326793 0.546160
0.930497 0.310575
0.529195 0.798298
0.258206 0.830025
0.782989 0.783010
0.799429 0.543063
0.693542 0.322876
0.650727 0.361222
0.522484 0.819510
0.486899 0.026214
0.508651 0.163274
0.563323 0.547000
0.769452 0.110197
0.478877 0.625546
0.127709 0.714021
0.235364 0.380703
0.499845 0.138702
0.822650 0.023591
0.115714 0.067185
0.016604 0.754422
0.012538 0.684870
0.544185 0.592363
0.199803 0.163144
0.135427 0.605998
0.169979 0.521898
0.752444 0.569268
0.815392 0.264823
0.328792 0.491205
0.446748 0.677833
0.329365 0.481624
0.656352 0.473441
0.026959 0.130572
0.728591 0.713118
0.184237 0.708655
0.928465 0.167291
0.741007 0.790010
0.014875 0.239100
0.645083 0.178932
0.479106 0.654983
0.933965 0.544411
0.400836 0.576655
0.325715 0.181078
0.002177 0.548973
0.800072 0.376011
0.460176 0.108058
0.021381 0.097197
0.692167 0.038987
0.271725 0.353154
0.894949 0.381932
0.264062 0.691920
0.653804 0.003424
0.763416 0.560897
0.289263 0.342841
0.880357 0.644768
0.188009 0.684272
0.415453 0.493730
0.500731 0.621883
0.803073 0.421428
0.393675 0.506603
0.948832 0.716687
0.731583 0.814586
0.968378 0.355672
0.016554 0.201164
0.843508 0.765191
0.694065 0.089661
0.733916 0.291831
0.111640 0.417578
0.015548 0.335609
0.904830 0.752069
0.167271 0.077267
0.709228 0.488580
0.679684 0.175803
0.321892 0.405317
0.710866 0.600344
0.085903 0.554182
0.567417 0.686092
0.628912 0.449939
0.240237 0.541367
0.774899 0.069616
0.554968 0.393712
0.190316 0.242205
0.815833 0.252362
0.785215 0.697783
0.699859 0.579714
0.725287 0.727859
0.781885 0.364728
0.447854 0.387491
0.643473 0.645927
0.943327 0.297275
0.483313 0.023751
0.014039 0.041840
0.844717 0.539251
0.585526 0.070632
0.286417 0.302395
0.167698 0.706199
0.828390 0.299525
0.129268 0.541162
0.656970 0.767699
0.474605 0.299369
0.603529 0.167334
0.222958 0.323419
0.633407 0.562692
0.845984 0.232106
0.438559 0.663229
0.630220 0.773915
0.817541 0.540351
0.970603 0.556335
0.285209 0.467046
0.746211 0.479243
0.915555 0.767216
0.411011 0.625061
0.269923 0.452870
0.388167 0.778139
0.452763 0.724193
0.282721 0.046518
0.061664 0.423760
0.440706 0.583100
0.174492 0.240359
0.969950 0.514095
0.076000 0.504099
0.532923 0.750080
0.243428 0.422790
0.554799 0.443075
0.059655 0.252407
0.098263 0.818789
0.213920 0.426784
0.718154 0.405388
0.047553 0.088610
0.408736 0.419247
0.967093 0.580060
0.554607 0.023353
0.195137 0.835703
0.721828 0.309297
0.281002 0.581172
0.979681 0.298674
0.291948 0.430427
0.248544 0.448745
0.016130 0.674193
0.062013 0.062078
0.103353 0.133163
0.048995 0.265248
0.666550 0.643742
0.798116 0.599113
0.871469 0.173189
0.212418 0.704666
0.896308 0.643638
0.866320 0.076094
0.760338 0.493984
0.459074 0.033939
0.279925 0.368296
0.396342 0.479451
0.950359 0.540878
0.105249 0.811453
0.446228 0.139040
0.040274 0.460696
0.324539 0.073422
0.863854 0.832150
0.853417 0.556093
0.703192 0.609027
0.867821 0.768647
0.563449 0.642043
0.680636 0.360736
0.854574 0.370163
0.017916 0.263040
0.481314 0.248900
0.751404 0.736715
0.866714 0.589572
0.520542 0.816058
0.667252 0.811690
0.137225 0.593579
0.514352 0.386813
0.793794 0.317354
0.450854 0.543676
0.040176 0.128762
0.372098 0.762241
0.068657 0.785420
0.671126 0.628720
0.364315 0.441446
0.189268 0.319900
0.838349 0.562497
0.677072 0.495335
0.546238 0.456662
0.291515 0.055343
0.514750 0.804956
0.032551 0.546843
0.664293 0.458443
0.111739 0.384561
0.923110 0.471643
0.105299 0.808757
0.714639 0.399965
0.869282 0.657327
0.410943 0.453819
0.530589 0.650565
0.066108 0.603954
0.155490 0.759263
0.388439 0.698776
0.493210 0.784689
0.375349 0.658529
0.999458 0.747797
0.741492 0.026110
