2.169316 0.179648
6.114534 0.297198
6.769708 0.201143
2.236942 0.586461
0.995662 0.759900
3.775810 0.521368
0.930656 0.372506
7.197603 0.552189
7.723130 0.916181
8.160352 0.549146
5.386293 0.095326
9.191342 0.692544
4.381732 0.523799
8.349892 0.484248
8.446648 0.882194
8.407088 0.061082
1.073267 0.448386
4.213546 0.777550
6.956782 0.639464
4.941104 0.788405
5.505608 0.864214
4.165478 0.638053
3.156281 0.135170
3.016531 0.087207
0.605044 0.116706
6.418110 0.593932
2.139171 0.556261
2.976097 0.646447
0.894551 0.131492
1.405156 0.926121
0.225222 0.972832
9.956163 0.128566
4.334866 0.413489
9.138463 0.128086
0.621196 0.404550
9.243091 0.607366
2.797480 0.338011
2.562069 0.590206
4.772651 0.556759
6.832173 0.536701
6.754484 0.324503
1.368031 0.887729
8.860734 0.433511
5.413557 0.973753
5.669118 0.680570
9.095484 0.588282
6.629957 0.903702
7.189828 0.096326
3.224356 0.631807
2.257470 0.383734
0.410858 0.149814
9.969356 0.320116
4.910131 0.252734
9.159099 0.966514
8.109025 0.598159
5.059476 0.485565
9.242554 0.641513
3.758163 0.809020
0.770636 0.915491
7.859573 0.643894
5.989433 0.695634
2.333093 0.261987
6.009704 0.952268
3.585212 0.923376
5.852212 0.584176
3.078612 0.626222
7.342243 0.304853
9.468408 0.225279
5.580393 0.862910
1.936155 0.369010
4.621779 0.699492
8.553927 0.386505
3.422139 0.231252
1.970622 0.419155
1.484811 0.983001
0.631528 0.747362
6.786253 0.296317
0.094634 0.279647
2.486543 0.367853
2.031017 0.833829
9.519529 0.510857
4.600825 0.686304
8.156596 0.406998
9.115147 0.373768
2.699741 0.105150
7.427408 0.732087
8.045934 0.598244
1.186854 0.146834
8.294425 0.315606
5.659847 0.977904
2.986672 0.629053
7.252480 0.977273
9.252996 0.734647
2.569882 0.173986
1.025962 0.459975
0.079294 0.054559
9.707527 0.467898
7.408264 0.786557
8.748352 0.652461
1.604113 0.144836
7.575713 0.903119
8.768612 0.562268
5.013856 0.995530
7.090719 0.330889
3.111942 0.275107
3.088517 0.609774
9.040941 0.034106
5.870539 0.829547
7.687113 0.843998
0.036476 0.871268
3.040320 0.011379
9.257565 0.274835
4.792889 0.666706
0.614971 0.354189
3.192240 0.221749
4.990333 0.076809
1.249605 0.375964
6.390599 0.626262
3.715412 0.348196
9.570742 0.682661
6.232883 0.265975
2.924968 0.527480
3.001257 0.879513
3.570761 0.068850
7.234928 0.360590
9.400444 0.027530
3.720006 0.865961
3.024094 0.851246
5.326839 0.363774
2.055135 0.851865
5.855148 0.704477
9.286031 0.710406
0.805413 0.567768
3.367214 0.451966
9.158947 0.293850
1.347179 0.539282
5.598215 0.427093
0.668654 0.859906
3.066653 0.423820
9.286841 0.030164
7.843651 0.868889
0.577828 0.156395
7.348294 0.360059
0.077551 0.267563
7.237987 0.213108
1.195211 0.309371
9.175154 0.048133
0.198888 0.998041
6.158871 0.356476
4.500392 0.531880
6.503057 0.584665
0.712649 0.210166
0.118717 0.137956
0.701744 0.318396
5.617718 0.998843
3.485951 0.346201
8.676869 0.406253
5.026025 0.602627
7.662701 0.510252
8.701296 0.490159
7.233263 0.989633
7.994823 0.640960
0.378749 0.819322
6.389984 0.653683
1.758813 0.089054
1.856438 0.826139
6.736946 0.256756
0.364143 0.685493
3.947390 0.106408
0.040033 0.956487
1.053471 0.352463
3.027476 0.973013
7.586764 0.805299
5.756504 0.525043
3.156078 0.445862
0.153153 0.038941
4.355307 0.814748
6.798757 0.473293
6.340687 0.318933
1.270676 0.809899
4.080116 0.312569
6.360371 0.081721
5.693202 0.672375
7.671725 0.964037
7.787401 0.771118
9.204699 0.884050
1.236743 0.223259
8.570212 0.882313
0.286677 0.432751
4.073972 0.344139
8.785517 0.422590
3.831096 0.314140
2.374101 0.062997
7.873880 0.871439
3.819594 0.914424
6.813289 0.789917
2.270670 0.317425
8.715773 0.796334
9.897175 0.638868
7.603463 0.768599
4.100257 0.680942
6.526448 0.533598
9.041338 0.509760
4.159508 0.932774
9.424376 0.823300
2.769771 0.821141
2.459605 0.660008
1.353717 0.483260
7.229720 0.922730
3.547494 0.104951
8.371153 0.036085
8.948025 0.064194
3.535443 0.766521
8.604695 0.343325
4.054296 0.620930
1.120194 0.815406
3.019321 0.764605
3.490553 0.206104
2.744301 0.764947
1.389674 0.216908
5.882541 0.415821
0.381570 0.834168
0.759312 0.173361
3.174852 0.798850
0.961883 0.672159
9.037346 0.933276
7.082129 0.798684
9.973859 0.061769
5.652169 0.858014
4.051190 0.970625
4.789712 0.517034
7.860018 0.780847
2.817025 0.135082
9.868692 0.556035
8.999633 0.125860
7.729004 0.488307
5.416811 0.811007
3.225320 0.617526
9.842861 0.639935
4.164155 0.080489
3.121517 0.320209
0.138780 0.020368
1.189873 0.011266
0.822218 0.684130
8.692193 0.487231
6.547507 0.348255
0.043793 0.440834
1.291937 0.285935
5.759097 0.116084
8.419145 0.475961
2.419995 0.614928
9.641904 0.783625
4.259723 0.286775
4.011930 0.410334
9.266395 0.817559
4.908328 0.238835
1.378586 0.504604
2.592558 0.256693
5.158747 0.341341
9.407500 0.385165
8.285185 0.595611
7.333844 0.832851
0.365533 0.862537
1.188797 0.612376
9.785411 0.960771
0.884360 0.220581
5.757090 0.052636
0.043213 0.001682
3.394488 0.405389
4.120397 0.266137
2.230227 0.902839
5.049794 0.360748
4.074833 0.764176
6.174271 0.923328
1.056129 0.558280
3.085520 0.934104
1.539779 0.041944
7.669292 0.190366
9.044146 0.885772
8.026941 0.883118
8.465030 0.891094
1.037963 0.422290
9.436565 0.107937
4.239933 0.283158
5.133318 0.835987
5.492936 0.736290
7.388056 0.054283
0.971358 0.146316
8.184082 0.714495
0.697470 0.923991
2.728401 0.378169
8.580525 0.426697
4.201354 0.625097
6.170491 0.324610
5.108905 0.419821
2.078057 0.357459
3.109734 0.311459
7.797055 0.254677
4.194195 0.203736
5.378352 0.932723
0.398319 0.087145
6.690058 0.778581
1.415018 0.766083
9.248264 0.959887
4.806045 0.994557
8.838311 0.753383
3.727723 0.742020
1.801625 0.792854
3.671653 0.797159
1.175578 0.878018
2.170548 0.325223
2.355493 0.527926
6.366655 0.015258
7.825582 0.056095
2.190536 0.320452
9.887363 0.258733
4.076222 0.657863
0.374229 0.549025
4.239837 0.962227
5.089340 0.904555
9.567226 0.392838
6.579329 0.329556
1.349488 0.838050
1.225027 0.502007
6.352070 0.239905
3.800698 0.852219
5.651240 0.615533
3.801901 0.201827
6.307739 0.162778
2.579745 0.849784
4.832416 0.246756
1.086129 0.890828
9.045529 0.145863
4.398878 0.328597
1.081851 0.948797
2.332249 0.064920
3.416870 0.891122
3.945027 0.476524
7.291532 0.516901
9.784498 0.364427
7.567659 0.358586
2.167221 0.321949
9.740387 0.596822
5.237794 0.604924
7.595604 0.781698
4.547400 0.242847
0.285646 0.563257
1.337659 0.933090
7.090888 0.573559
2.617541 0.817225
5.223755 0.494870
8.820816 0.864022
3.860368 0.276635
3.405982 0.115211
7.934897 0.319107
4.796502 0.550357
6.776676 0.696301
8.722454 0.651827
2.931844 0.396098
2.568189 0.052755
1.778786 0.711490
2.956469 0.206281
2.748119 0.429292
1.394607 0.983882
0.029665 0.401089
8.010746 0.525239
8.958938 0.683282
3.893045 0.281983
9.598406 0.729837
3.972207 0.753469
0.490507 0.876833
3.038858 0.726652
5.731432 0.176164
3.785247 0.866287
5.722559 0.635261
9.189724 0.750073
3.468026 0.214659
9.562777 0.621529
6.439320 0.095756
6.054152 0.646818
4.968532 0.406565
1.721405 0.392819
0.899460 0.561348
6.747776 0.049796
2.912476 0.072012
8.032168 0.340161
9.487692 0.107122
0.669167 0.522009
2.833337 0.445324
3.883399 0.855547
0.806851 0.307369
6.056242 0.427366
5.220316 0.562006
0.490022 0.165994
6.577403 0.654338
8.127621 0.154622
0.610071 0.984884
5.474404 0.150781
5.462475 0.222259
2.006397 0.837450
2.943163 0.003857
1.776935 0.243130
1.110591 0.244455
7.650978 0.394265
6.897517 0.153466
2.498825 0.770379
4.608500 0.855464
1.978244 0.982863
4.175086 0.246672
1.489453 0.075263
9.009439 0.961685
2.299424 0.961928
9.465100 0.777326
1.128042 0.492848
9.995009 0.313302
3.303526 0.293871
3.172005 0.507940
5.370028 0.428139
7.523563 0.302156
8.223524 0.442190
4.556383 0.072248
2.126447 0.916457
9.276415 0.410345
8.992700 0.345214
6.569957 0.048224
4.204991 0.558043
0.100226 0.650361
5.199908 0.956509
4.277244 0.632712
4.493900 0.427304
9.459390 0.779686
7.211425 0.263188
2.876887 0.258193
6.912991 0.040052
5.603459 0.513746
4.822531 0.015987
5.859863 0.694826
9.323725 0.513723
1.052669 0.831796
8.588780 0.762203
8.799576 0.279429
3.203023 0.889944
9.297186 0.840248
8.464127 0.357509
4.729881 0.295857
7.847682 0.419004
0.756454 0.506004
6.821666 0.363201
7.641560 0.373534
4.032792 0.324562
8.872171 0.885496
3.405860 0.473291
5.803301 0.273009
9.869312 0.685523
1.049010 0.845965
4.477597 0.984840
1.254863 0.768004
8.747388 0.055215
6.082552 0.721285
4.127479 0.081258
0.172543 0.197553
5.002704 0.092717
7.035269 0.182471
4.559338 0.467769
5.560026 0.859171
7.922849 0.443301
7.446453 0.132895
9.165230 0.325035
4.059294 0.903621
0.106724 0.510725
7.495634 0.458317
4.955890 0.875011
2.263942 0.370396
9.301548 0.834603
0.917794 0.342966
9.157927 0.108854
5.405189 0.416140
2.016335 0.244091
5.986000 0.657489
7.118288 0.154631
5.166803 0.504207
5.979222 0.261374
6.370845 0.514540
5.864010 0.043022
4.181994 0.596984
5.537444 0.167794
0.554056 0.049343
0.429126 0.281652
4.197613 0.973047
1.163492 0.511435
3.160701 0.032148
6.202745 0.856547
4.483049 0.821860
1.007348 0.046914
4.793753 0.812513
2.016075 0.996039
3.167772 0.799477
2.574812 0.953838
3.140748 0.843838
9.967757 0.732209
4.408557 0.550622
8.999371 0.496153
5.999535 0.942824
7.777612 0.019718
9.158171 0.894075
5.311556 0.231930
9.261524 0.151458
0.885762 0.374526
9.732381 0.189146
4.214622 0.452697
0.017744 0.622985
4.487689 0.318410
4.224994 0.706180
2.723133 0.736510
5.500324 0.269139
4.687484 0.990871
8.197091 0.368753
4.870495 0.419740
3.116352 0.264860
4.394775 0.227494
1.590212 0.970612
4.594396 0.085189
1.221632 0.547917
4.597309 0.095419
7.370266 0.881156
5.481146 0.738737
5.041629 0.996867
0.572526 0.926633
7.030337 0.329427
6.631364 0.253113
5.985549 0.131909
2.440543 0.418341
5.006704 0.731039
8.380266 0.812255
9.958146 0.277555
0.398579 0.154864
2.482371 0.499190
2.401094 0.370269
0.472132 0.699769
4.657016 0.784184
5.809335 0.013819
5.229409 0.085112
0.107998 0.580100
0.118586 0.713765
9.094594 0.674920
9.667997 0.508108
8.067799 0.210893
9.263783 0.307507
9.418578 0.764546
1.198559 0.937845
0.422089 0.159543
0.928082 0.290300
6.587113 0.332779
6.605463 0.705855
0.326580 0.126271
4.900644 0.613505
1.401641 0.013008
6.985879 0.150792
5.930988 0.710378
8.644975 0.502651
3.853416 0.831451
0.108725 0.192157
0.424513 0.937224
4.996718 0.984291
7.017556 0.619442
9.220815 0.743902
7.789415 0.014892
0.343105 0.437734
3.477073 0.694785
1.436774 0.380235
8.210047 0.633659
9.936567 0.961146
6.466471 0.692372
1.120327 0.239790
4.027912 0.976510
7.424041 0.788078
8.079276 0.753216
9.801543 0.850336
6.904274 0.479915
8.345880 0.392255
0.994538 0.756809
1.362475 0.878357
7.716591 0.170389
3.161482 0.119388
8.651147 0.459710
4.996316 0.686246
0.934674 0.493379
6.473882 0.740051
1.858330 0.759361
9.797604 0.588533
7.358512 0.722298
3.766569 0.543879
4.755411 0.356877
3.942576 0.165999
8.367374 0.228888
5.582516 0.936164
9.856151 0.694427
8.144865 0.757414
8.647570 0.130659
8.767406 0.730006
5.903603 0.376442
4.162911 0.683754
8.697606 0.063691
4.238421 0.055604
8.230002 0.403677
6.441177 0.558954
1.260670 0.020778
1.029302 0.601519
3.776859 0.497079
7.674766 0.214463
7.259334 0.325788
1.507144 0.711680
0.203273 0.965179
4.691227 0.885048
0.959356 0.345927
6.150561 0.686222
7.223356 0.031353
3.700235 0.592205
0.951265 0.793812
6.477898 0.918096
1.975681 0.291961
4.770781 0.323495
3.127822 0.579915
9.249432 0.690395
0.770961 0.692548
9.047913 0.802977
0.184480 0.055516
5.146779 0.038582
0.208066 0.983782
9.235597 0.116564
3.297639 0.538715
8.027380 0.052109
5.700630 0.172793
6.442956 0.665112
9.665271 0.292139
5.832163 0.164126
5.840930 0.060306
4.876303 0.896841
6.402027 0.412650
5.872432 0.717231
1.052933 0.492125
5.202282 0.123564
5.476402 0.034913
1.622167 0.568352
0.188066 0.085792
6.848889 0.348435
6.244921 0.487717
4.005699 0.194591
6.604884 0.044874
8.596447 0.627131
3.370510 0.442943
7.912108 0.921114
5.032553 0.278893
8.179192 0.143484
6.915146 0.405237
8.606567 0.796755
8.972969 0.380955
9.202492 0.445019
4.158910 0.082481
0.134838 0.434578
1.683423 0.698301
7.829681 0.792781
1.860996 0.183572
9.872896 0.846544
2.285036 0.847090
4.737035 0.565459
2.900952 0.264963
4.865986 0.793297
5.438553 0.304574
9.367086 0.235413
7.097802 0.797512
0.322778 0.607189
1.785502 0.952503
0.523142 0.594351
0.350930 0.065610
0.290388 0.203273
7.638707 0.811957
9.959698 0.949945
9.954449 0.983441
7.964582 0.223990
8.304937 0.270212
7.894031 0.120611
5.351759 0.276053
9.138395 0.079046
5.806194 0.850705
3.145012 0.290453
6.482133 0.346643
8.975767 0.826716
2.992061 0.949866
4.211047 0.334161
0.155889 0.450026
5.374344 0.779403
2.620504 0.533503
7.293300 0.257543
5.169636 0.525885
4.815439 0.347521
7.960499 0.270997
4.681462 0.331287
5.470486 0.382056
4.103571 0.127692
2.328338 0.724792
4.181675 0.881010
0.715373 0.315802
7.077106 0.370612
2.657351 0.128839
7.047425 0.281176
5.788589 0.242222
0.606837 0.840864
7.756811 0.789959
0.985046 0.292699
3.159019 0.579955
6.402020 0.111972
8.508955 0.108368
4.432777 0.398017
4.904339 0.853592
5.257121 0.723201
5.783931 0.943854
6.042148 0.649850
2.597238 0.311983
0.205739 0.525356
4.408408 0.725250
8.064829 0.019703
9.673932 0.867126
8.605089 0.743211
6.570803 0.958990
0.360189 0.972962
5.389621 0.676146
0.850340 0.389929
7.844691 0.528209
7.879017 0.274954
3.818465 0.313672
9.980707 0.960217
2.575933 0.602397
6.100701 0.517212
9.143110 0.630560
0.426760 0.355217
3.558603 0.849115
3.749514 0.323313
7.162255 0.235504
0.666277 0.373375
1.945739 0.102465
3.463879 0.733471
7.785675 0.431301
1.234936 0.563140
9.594335 0.911363
8.380395 0.341343
2.251090 0.836264
3.016196 0.482591
4.386957 0.911658
9.997194 0.353072
5.422336 0.042403
7.082584 0.898059
8.914543 0.083225
2.214474 0.607792
3.187702 0.287928
9.810855 0.513239
3.904216 0.327534
2.467802 0.169020
7.587953 0.370142
7.321256 0.718361
2.815690 0.570270
0.598088 0.506571
4.065753 0.361295
9.890802 0.845227
2.730181 0.988982
1.983776 0.815202
0.314950 0.906603
7.132456 0.922920
9.897459 0.934665
5.307291 0.308573
2.226680 0.511909
8.217602 0.613003
8.393881 0.068553
7.819788 0.598294
4.387141 0.514199
3.167123 0.720216
0.845695 0.376391
2.268611 0.491035
7.376496 0.215981
3.363158 0.010670
2.050409 0.534592
8.258194 0.236380
4.412294 0.539164
1.593853 0.431055
4.738581 0.690042
7.395913 0.696455
2.020292 0.561455
3.095158 0.041425
6.299919 0.091511
6.397007 0.068719
6.056990 0.956389
7.888891 0.690196
3.328342 0.015753
1.813133 0.070497
2.317915 0.517525
0.812514 0.436713
0.522225 0.907038
6.730684 0.493343
4.462359 0.832407
9.243271 0.920064
5.224682 0.664041
6.165201 0.724431
2.255699 0.926007
7.658146 0.855520
0.176305 0.405590
9.241678 0.623244
3.620284 0.713188
3.134980 0.694791
7.289071 0.494703
7.652463 0.960676
0.123405 0.846454
3.974310 0.064375
7.534685 0.070512
5.577148 0.199741
9.028531 0.482131
1.198984 0.425400
1.462603 0.736354
1.499185 0.371699
6.623544 0.915702
2.272920 0.679910
3.213485 0.151488
3.032144 0.683303
8.646168 0.616626
3.781394 0.593633
1.114238 0.143412
5.543225 0.123587
9.897834 0.951729
1.880272 0.743389
0.223529 0.745679
9.430564 0.925177
2.278839 0.062966
3.506272 0.374013
7.992733 0.500438
7.456744 0.461713
4.161789 0.972946
1.417126 0.737463
1.245262 0.444809
4.208042 0.989125
0.615394 0.798891
5.827669 0.172795
9.422293 0.137115
2.964274 0.932185
0.889430 0.484344
6.755646 0.111116
2.300966 0.618735
0.364019 0.457865
6.816757 0.386900
8.318246 0.481038
8.872748 0.577605
9.426768 0.303510
5.505653 0.084405
0.410811 0.675016
5.292165 0.461770
6.641345 0.590665
2.607289 0.246947
7.634191 0.202996
3.840909 0.059857
1.352709 0.472921
5.442010 0.810785
5.840298 0.774240
4.295564 0.620346
2.321780 0.111253
0.073607 0.064014
5.922811 0.894600
6.416016 0.535057
1.981892 0.192202
6.194474 0.239114
8.671585 0.148691
7.008555 0.531391
7.393197 0.961562
7.782945 0.502831
1.646427 0.162415
5.626852 0.299769
6.353193 0.106906
1.106490 0.219390
8.810839 0.540105
8.396808 0.113283
6.513375 0.846998
1.773645 0.243664
7.415770 0.818917
7.786766 0.939739
0.112331 0.398197
1.789364 0.878354
5.468878 0.879754
4.097847 0.286260
8.412764 0.188114
7.890463 0.005920
3.505646 0.351796
3.057326 0.985866
4.587178 0.416258
2.053331 0.339864
9.562871 0.045022
4.531635 0.607737
8.919553 0.630444
8.513432 0.633649
4.493942 0.630136
5.733985 0.460512
0.284437 0.752274
3.389190 0.575237
6.320269 0.748642
8.614389 0.473391
9.366829 0.650605
4.793224 0.287300
0.025166 0.785000
2.732315 0.461119
2.013367 0.478453
8.009360 0.157653
5.234784 0.254146
7.653482 0.415510
8.845276 0.616805
0.492660 0.333983
2.470111 0.622579
7.944491 0.275306
3.748994 0.133393
8.504862 0.006928
8.819718 0.712056
4.803296 0.818806
3.627103 0.959629
1.062022 0.365094
7.446069 0.379304
8.261613 0.945918
8.576982 0.627213
1.036673 0.381247
8.812969 0.868976
7.967103 0.765966
4.858069 0.845932
1.000463 0.732753
4.685408 0.894460
0.081728 0.843396
0.279635 0.858617
8.502665 0.909903
5.706841 0.330657
7.286899 0.933366
2.903480 0.834846
2.985213 0.034961
2.142257 0.124706
9.807985 0.071937
7.518799 0.084481
4.532005 0.633294
9.533812 0.249957
3.993012 0.439269
0.959871 0.499240
1.721062 0.564432
3.937429 0.180112
4.078682 0.421584
0.388380 0.258182
3.315417 0.609434
5.888307 0.060243
5.428165 0.879141
8.950237 0.841293
9.140336 0.109270
9.659203 0.894997
1.812734 0.717933
9.793978 0.634391
3.512770 0.932951
8.842846 0.750517
3.722672 0.980252
2.498257 0.544274
5.446997 0.643487
7.243524 0.952543
0.651750 0.763131
2.108025 0.396590
3.726125 0.799581
4.568483 0.915398
6.787120 0.351937
7.566667 0.592855
4.612215 0.722720
4.878777 0.642413
4.406872 0.467362
2.768687 0.791910
4.003546 0.161183
5.424424 0.772564
1.415251 0.792214
3.168951 0.686151
4.357367 0.041255
6.386925 0.500804
8.043379 0.849452
8.973283 0.176983
6.490282 0.354242
0.924794 0.327801
7.061487 0.849103
9.205858 0.167401
5.718331 0.408539
8.097650 0.012523
8.758390 0.086650
8.043846 0.276244
2.478871 0.346891
0.489153 0.389284
1.391951 0.365678
0.755369 0.574838
4.069580 0.714161
0.757434 0.211335
5.636244 0.973051
3.883462 0.212692
3.273484 0.480714
5.404929 0.033503
3.298716 0.461164
2.009672 0.901671
8.696422 0.010734
9.141251 0.745619
